1	536
1.06134	1072
1.1137	1608
1.16605	2144
1.20896	2680
1.22733	3216
1.26131	3752
1.29251	4288
1.33411	4824
1.37571	5360
1.41731	5896
1.45891	6432
1.50051	6968
1.54211	7504
1.58371	8040
1.62531	8576
1.66691	9112
1.70851	9648
1.75011	10184
1.79171	10720
1.83331	11256
1.87491	11792
1.91651	12328
1.95811	12864
1.99971	13400
2.04131	13936
2.08291	14472
2.12451	15008
2.16611	15544
2.20771	16080
2.24931	16616
2.29091	17152
2.33251	17688
2.37411	18224
2.41571	18760
2.45731	19296
2.49891	19832
2.54051	20368
2.58211	20904
2.62371	21440
2.66531	21976
2.70691	22512
2.74851	23048
2.79011	23584
2.83171	24120
2.87331	24656
2.91491	25192
2.95651	25728
2.99811	26264
3.03971	26800
3.08131	27336
3.12291	27872
3.16451	28408
3.20611	28944
3.24771	29480
3.28931	30016
3.33091	30552
3.37251	31088
3.41411	31624
3.45571	32160
3.49731	32696
3.53891	33232
3.58051	33768
3.62211	34304
3.66371	34840
3.70531	35376
3.74691	35912
3.78851	36448
3.83011	36984
3.87171	37520
3.91331	38056
3.95491	38592
3.99651	39128
4.03811	39664
4.07971	40200
4.12131	40736
4.16291	41272
4.20451	41808
4.24611	42344
4.28771	42880
4.32931	43416
4.37091	43952
4.41251	44488
4.45411	45024
4.49571	45560
4.53731	46096
4.57891	46632
4.62051	47168
4.66211	47704
4.70371	48240
4.74531	48776
4.78691	49312
4.82851	49848
4.87011	50384
4.91171	50920
4.95331	51456
4.99491	51992
5.03651	52528
5.07811	53064
5.11971	53600
5.16131	54136
5.20291	54672
5.24451	55208
5.28611	55744
5.32771	56280
5.36931	56816
5.41091	57352
5.45251	57888
5.49411	58424
5.53571	58960
5.57731	59496
5.61891	60032
5.66051	60568
5.70211	61104
5.74371	61640
5.78531	62176
5.82691	62712
5.86851	63248
5.91011	63784
5.95171	64320
5.99331	64856
6.03491	65392
6.07651	65928
6.11811	65932
6.15971	65936
6.20131	65940
6.24291	65944
6.28451	65948
6.32611	65952
6.36771	65956
6.40931	65960
6.45091	65964
6.49251	65968
6.53411	65972
6.57571	65976
6.61731	65980
6.65891	65984
6.70051	65988
6.74211	65992
6.78371	65996
6.82531	66000
6.86691	66004
6.90851	66008
6.95011	66012
6.99171	66016
7.03331	66020
7.07491	66024
7.11651	66028
7.15811	66032
7.19971	66036
7.24131	66040
7.28291	66044
7.32451	66048
7.36611	66052
7.40771	66056
7.44931	66060
7.49091	66064
7.53251	66068
7.57411	66072
7.61571	66076
7.65731	66080
7.69891	66084
7.74051	66088
7.78211	66092
7.82371	66096
7.86531	66100
7.90691	66104
7.94851	66108
7.99011	66112
8.03171	66116
8.07331	66120
8.11491	66124
8.15651	66128
8.19811	66132
8.23971	66136
8.28131	66140
8.32291	66144
8.36451	66148
8.40611	66152
8.44771	66156
8.48931	66160
8.53091	66164
8.57251	66168
8.61411	66172
8.65571	66176
8.69731	66180
8.73891	66184
8.78051	66188
8.82211	66192
8.86371	66196
8.90531	66200
8.94691	66204
8.98851	66208
9.03011	66212
9.07171	66216
9.11331	66220
9.15491	66224
9.19651	66228
9.23811	66232
9.27971	66236
9.32131	66240
9.36291	66244
9.40451	66248
9.44611	66252
9.48771	66256
9.52931	66260
9.57091	66264
9.61251	66268
9.65411	66272
9.69571	66276
9.73731	66280
9.77891	66284
9.82051	66288
9.86211	66292
9.90371	66296
9.94531	66300
9.98691	66304
10.0285	66308
10.0701	66312
10.1117	66316
10.1533	66320
10.1949	66324
10.2365	66328
10.2781	66332
10.3197	66336
10.3613	66340
10.4029	66344
10.4445	66348
10.4861	66352
10.5277	66356
10.5693	66360
10.6109	66364
10.6525	66368
10.6941	66372
10.7357	66376
10.7773	66380
10.8189	66384
10.8605	66388
10.9021	66392
10.9437	66396
10.9853	66400
11.0269	66404
11.0685	66408
11.1101	66412
11.1517	66416
11.1933	66420
11.2349	66424
11.2765	66428
11.3181	66432
11.3597	66436
11.4013	66440
11.4429	66444
11.4845	66448
11.5261	66452
11.5677	66456
11.6093	66460
11.6509	66464
11.6925	66468
11.7341	66472
11.7757	66476
11.8173	66480
11.8589	66484
11.9005	66488
11.9421	66492
11.9837	66496
12.0253	66500
12.0669	66504
12.1085	66508
12.1501	66512
12.1917	66516
12.2333	66520
12.2749	66524
12.3165	66528
12.3581	66532
12.3997	66536
12.4413	66540
12.4829	66544
12.5245	66548
12.5661	66552
12.6077	66556
12.6493	66560
12.6909	66564
12.7325	66568
12.7741	66572
12.8157	66576
12.8573	66580
12.8989	66584
12.9405	66588
12.9821	66592
13.0237	66596
13.0653	66600
13.1069	66604
13.1485	66608
13.1901	66612
13.2317	66616
13.2733	66620
13.3149	66624
13.3565	66628
13.3981	66632
13.4397	66636
13.4813	66640
13.5229	66644
13.5645	66648
13.6061	66652
13.6477	66656
13.6893	66660
13.7309	66664
13.7725	66668
13.8141	66672
13.8557	66676
13.8973	66680
13.9389	66684
13.9805	66688
14.0221	66692
14.0637	66696
14.1053	66700
14.1469	66704
14.1885	66708
14.2301	66712
14.2717	66716
14.3133	66720
14.3549	66724
14.3965	66728
14.4381	66732
14.4797	66736
14.5213	66740
14.5629	66744
14.6045	66748
14.6461	66752
14.6877	66756
14.7293	66760
14.7709	66764
14.8125	66768
14.8541	66772
14.8957	66776
14.9373	66780
14.9789	66784
15.0205	66788
15.0621	66792
15.1037	66796
15.1453	66800
15.1869	66804
15.2285	66808
15.2701	66812
15.3117	66816
15.3533	66820
15.3949	66824
15.4365	66828
15.4781	66832
15.5197	66836
15.5613	66840
15.6029	66844
15.6445	66848
15.6861	66852
15.7277	66856
15.7693	66860
15.8109	66864
15.8525	66868
15.8941	66872
15.9357	66876
15.9773	66880
16.0189	66884
16.0605	66888
16.1021	66892
16.1437	66896
16.1853	66900
16.2269	66904
16.2685	66908
16.3101	66912
16.3517	66916
16.3933	66920
16.4349	66924
16.4765	66928
16.5181	66932
16.5597	66936
16.6013	66940
16.6429	66944
16.6845	66948
16.7261	66952
16.7677	66956
16.8093	66960
16.8509	66964
16.8925	66968
16.9341	66972
16.9757	66976
17.0173	66980
17.0589	66984
17.1005	66988
17.1421	66992
17.1837	66996
17.2253	67000
17.2669	67004
17.3085	67008
17.3501	67012
17.3917	67016
17.4333	67020
17.4749	67024
17.5165	67028
17.5581	67032
17.5997	67036
17.6413	67040
17.6829	67044
17.7245	67048
17.7661	67052
17.8077	67056
17.8493	67060
17.8909	67064
17.9325	67068
17.9741	67072
18.0157	67076
18.0573	67080
18.0989	67084
18.1405	67088
18.1821	67092
18.2237	67096
18.2653	67100
18.3069	67104
18.3485	67108
18.3901	67112
18.4317	67116
18.4733	67120
18.5149	67124
18.5565	67128
18.5981	67132
18.6397	67136
18.6813	67140
18.7229	67144
18.7645	67148
18.8061	67152
18.8477	67156
18.8893	67160
18.9309	67164
18.9725	67168
19.0141	67172
19.0557	67176
19.0973	67180
19.1389	67184
19.1805	67188
19.2221	67192
19.2637	67196
19.3053	67200
19.3469	67204
19.3885	67208
19.4301	67212
19.4717	67216
19.5133	67220
19.5549	67224
19.5965	67228
19.6381	67232
19.6797	67236
19.7213	67240
19.7629	67244
19.8045	67248
19.8461	67252
19.8877	67256
19.9293	67260
19.9709	67264
20.0125	67268
20.0677	67272
20.1032	67276
20.1387	67280
20.1789	67284
20.2341	67288
20.2696	67292
20.3051	67296
20.3453	67300
20.4005	67304
20.436	67308
20.4715	67312
20.5117	67316
20.5669	67320
20.6024	67324
20.6379	67328
20.6781	67332
20.7333	67336
20.7688	67340
20.8043	67344
20.8445	67348
20.8997	67352
20.9352	67356
20.9707	67360
21.0109	67364
21.0661	67368
21.1016	67372
21.1371	67376
21.1773	67380
21.2325	67384
21.268	67388
21.3035	67392
21.3437	67396
21.3989	67400
21.4344	67404
21.4699	67408
21.5101	67412
21.5653	67416
21.6008	67420
21.6363	67424
21.6765	67428
21.7317	67432
21.7672	67436
21.8027	67440
21.8429	67444
21.8981	67448
21.9336	67452
21.9691	67456
22.0093	67460
22.0645	67464
22.1	67468
22.1355	67472
22.1757	67476
22.2309	67480
22.2664	67484
22.3019	67488
22.3421	67492
22.3973	67496
22.4328	67500
22.4683	67504
22.5085	67508
22.5637	67512
22.5992	67516
22.6347	67520
22.6749	67524
22.7301	67528
22.7656	67532
22.8011	67536
22.8413	67540
22.8965	67544
22.932	67548
22.9675	67552
23.0077	67556
23.0629	67560
23.0984	67564
23.1339	67568
23.1741	67572
23.2293	67576
23.2648	67580
23.3003	67584
23.3405	67588
23.3957	67592
23.4312	67596
23.4667	67600
23.5069	67604
23.5621	67608
23.5976	67612
23.6331	67616
23.6733	67620
23.7285	67624
23.764	67628
23.7995	67632
23.8397	67636
23.8949	67640
23.9304	67644
23.9659	67648
24.0061	67652
24.0613	67656
24.0968	67660
24.1323	67664
24.1725	67668
24.2277	67672
24.2632	67676
24.2987	67680
24.3389	67684
24.3941	67688
24.4296	67692
24.4651	67696
24.5053	67700
24.5605	67704
24.596	67708
24.6315	67712
24.6717	67716
24.7269	67720
24.7624	67724
24.7979	67728
24.8381	67732
24.8933	67736
24.9288	67740
24.9643	67744
25.0045	67748
25.0597	67752
25.0952	67756
25.1307	67760
25.1709	67764
25.2261	67768
25.2616	67772
25.2971	67776
25.3373	67780
25.3925	67784
25.428	67788
25.4635	67792
25.5037	67796
25.5589	67800
25.5944	67804
25.6299	67808
25.6701	67812
25.7253	67816
25.7608	67820
25.7963	67824
25.8365	67828
25.8917	67832
25.9272	67836
25.9627	67840
26.0029	67844
26.0581	67848
26.0936	67852
26.1291	67856
26.1693	67860
26.2245	67864
26.26	67868
26.2955	67872
26.3357	67876
26.3909	67880
26.4264	67884
26.4619	67888
26.5021	67892
26.5573	67896
26.5928	67900
26.6283	67904
26.6685	67908
26.7237	67912
26.7592	67916
26.7947	67920
26.8349	67924
26.8901	67928
26.9256	67932
26.9611	67936
27.0013	67940
27.0565	67944
27.092	67948
27.1275	67952
27.1677	67956
27.2229	67960
27.2584	67964
27.2939	67968
27.3341	67972
27.3893	67976
27.4248	67980
27.4603	67984
27.5005	67988
27.5557	67992
27.5912	67996
27.6267	68000
27.6669	68004
27.7221	68008
27.7576	68012
27.7931	68016
27.8333	68020
27.8885	68024
27.924	68028
27.9595	68032
27.9997	68036
28.0549	68040
28.0904	68044
28.1259	68048
28.1661	68052
28.2213	68056
28.2568	68060
28.2923	68064
28.3325	68068
28.3877	68072
28.4232	68076
28.4587	68080
28.4989	68084
28.5541	68088
28.5896	68092
28.6251	68096
28.6653	68100
28.7205	68104
28.756	68108
28.7915	68112
28.8317	68116
28.8869	68120
28.9224	68124
28.9579	68128
28.9981	68132
29.0533	68136
29.0888	68140
29.1243	68144
29.1645	68148
29.2197	68152
29.2552	68156
29.2907	68160
29.3309	68164
29.3861	68168
29.4216	68172
29.4571	68176
29.4973	68180
29.5525	68184
29.588	68188
29.6235	68192
29.6637	68196
29.7189	68200
29.7544	68204
29.7899	68208
29.8301	68212
29.8853	68216
29.9208	68220
29.9563	68224
29.9965	68228
30.0517	68232
30.0872	68236
30.1569	68240
30.2095	68244
30.2621	68248
30.3319	68252
30.3845	68256
30.4542	68260
30.5068	68264
30.5765	68268
30.6292	68272
30.6818	68276
30.7515	68280
30.8041	68284
30.8738	68288
30.9264	68292
30.9962	68296
31.0488	68300
31.1014	68304
31.1711	68308
31.2237	68312
31.2934	68316
31.346	68320
31.4158	68324
31.4684	68328
31.5381	68332
31.5907	68336
31.6433	68340
31.7131	68344
31.7657	68348
31.8354	68352
31.888	68356
31.9577	68360
32.0103	68364
32.0629	68368
32.1327	68372
32.1853	68376
32.255	68380
32.3076	68384
32.3773	68388
32.43	68392
32.4826	68396
32.5523	68400
32.6049	68404
32.6746	68408
32.7272	68412
32.797	68416
32.8496	68420
32.9022	68424
32.9719	68428
33.0245	68432
33.0942	68436
33.1468	68440
33.2166	68444
33.2692	68448
33.3218	68452
33.3915	68456
33.4441	68460
33.5139	68464
33.5665	68468
33.6362	68472
33.6888	68476
33.7414	68480
33.8111	68484
33.8637	68488
33.9335	68492
33.9861	68496
34.0558	68500
34.1084	68504
34.161	68508
34.2308	68512
34.2834	68516
34.3531	68520
34.4057	68524
34.4754	68528
34.6065	20580
34.6501	21116
34.6591	21652
34.6856	22188
34.6946	22724
34.7211	23260
34.73	23796
34.7566	24332
34.7655	24868
34.7921	25404
34.8358	25940
34.8447	26476
34.8713	27012
34.8802	27548
34.9068	28084
34.9665	28620
34.9936	29156
35.0544	29692
35.081	30228
35.1246	30764
35.1854	31300
35.1944	31836
35.2209	32372
35.2299	32908
35.2564	33444
35.3001	33980
35.3599	34516
35.3869	35052
35.4306	35588
35.4396	36124
35.4661	36660
35.475	37196
35.5016	37732
35.5105	38268
35.5542	38804
35.5808	39340
35.6405	39876
35.6847	40412
35.7113	40948
35.7368	41484
35.7639	42020
35.8076	42556
35.8513	43092
35.8778	43628
35.9386	44164
35.9652	44700
36.3362	536
37.8513	1072
39.3844	1608
39.3938	2144
40.9269	2680
40.9535	3216
40.9629	3752
42.5321	19636
42.5586	20172
42.5681	20708
42.5946	18028
42.5946	18043
42.6572	18076
42.6666	18612
42.6932	16468
42.6932	16485
42.7026	16502
44.2452	16519
44.2906	17036
44.3001	17572
44.3095	18108
44.3189	18644
44.3284	19180
44.3378	19716
44.3473	20252
44.3567	20788
44.3661	21324
44.3927	21860
44.4021	22396
44.4116	22932
44.421	23468
44.4305	24004
44.457	24540
44.4665	25076
45.8969	15428
45.8969	15446
45.9423	16516
45.9689	17052
45.9954	17588
46.022	18124
46.0657	18660
46.0751	19196
46.0845	19732
46.094	20268
46.1205	20804
47.6023	14908
47.6023	14927
49.9393	536
51.6178	1072
53.305	1608
55.0017	2144
55.0282	2680
56.7249	3216
56.7703	10256
58.4404	8648
58.4404	8681
58.4669	8714
58.4953	9452
58.5047	9988
58.5141	10524
58.5236	11060
58.533	11596
58.5425	12132
58.5519	12668
58.5613	13204
60.1458	7844
60.1458	7880
60.2084	7156
60.2349	7692
60.2444	8228
61.9316	5548
61.9316	5599
64.5326	536
66.2553	1072
68.0033	1608
69.7513	2144
69.9607	2680
71.5087	3216
73.2413	3752
74.1684	536
74.9457	1072
75.1722	1608
76.918	2680
77.8319	536
78.6565	1072
80.3874	1340
82.326	1554
84.9856	536
86.733	1072
89.3927	536
91.1346	1072
93.6685	536
Flow 1 (10.1.1.1 -> 10.1.4.1)
  Tx Bytes:   1018540
  Rx Bytes:   979260
  Throughput: 0.0828968 Mbps
Flow 2 (10.1.4.1 -> 10.1.1.1)
  Tx Bytes:   48624
  Rx Bytes:   48624
  Throughput: 0.00411615 Mbps
Flow 3 (10.1.2.1 -> 10.1.5.1)
  Tx Bytes:   4813476
  Rx Bytes:   4502688
  Throughput: 0.429492 Mbps
