1	536
1.06134	1072
1.1137	1608
1.16605	2144
1.20896	2680
1.22733	3216
1.26131	3752
1.29251	4288
1.33411	4824
1.37571	5360
1.41731	5896
1.45891	6432
1.50051	6968
1.54211	7504
1.58371	8040
1.62531	8576
1.66691	9112
1.70851	9648
1.75011	10184
1.79171	10720
1.83331	11256
1.87491	11792
1.91651	12328
1.95811	12864
1.99971	13400
2.04131	13936
2.08291	14472
2.12451	15008
2.16611	15544
2.20771	16080
2.24931	16616
2.29091	17152
2.33251	17688
2.37411	18224
2.41571	18760
2.45731	19296
2.49891	19832
2.54051	20368
2.58211	20904
2.62371	21440
2.66531	21976
2.70691	22512
2.74851	23048
2.79011	23584
2.83171	24120
2.87331	24656
2.91491	25192
2.95651	25728
2.99811	26264
3.03971	26800
3.08131	27336
3.12291	27872
3.16451	28408
3.20611	28944
3.24771	29480
3.28931	30016
3.33091	30552
3.37251	31088
3.41411	31624
3.45571	32160
3.49731	32696
3.53891	33232
3.58051	33768
3.62211	34304
3.66371	34840
3.70531	35376
3.74691	35912
3.78851	36448
3.83011	36984
3.87171	37520
3.91331	38056
3.95491	38592
3.99651	39128
4.03811	39664
4.07971	40200
4.12131	40736
4.16291	41272
4.20451	41808
4.24611	42344
4.28771	42880
4.32931	43416
4.37091	43952
4.41251	44488
4.45411	45024
4.49571	45560
4.53731	46096
4.57891	46632
4.62051	47168
4.66211	47704
4.70371	48240
4.74531	48776
4.78691	49312
4.82851	49848
4.87011	50384
4.91171	50920
4.95331	51456
4.99491	51992
5.03651	52528
5.07811	53064
5.11971	53600
5.16131	54136
5.20291	54672
5.24451	55208
5.28611	55744
5.32771	56280
5.36931	56816
5.41091	57352
5.45251	57888
5.49411	58424
5.53571	58960
5.57731	59496
5.61891	60032
5.66051	60568
5.70211	61104
5.74371	61640
5.78531	62176
5.82691	62712
5.86851	63248
5.91011	63784
5.95171	64320
5.99331	64856
6.03491	65392
6.07651	65928
6.11811	98892
6.15971	148338
6.15971	130536
6.20131	195804
6.20131	130536
6.24291	195804
6.24291	130536
6.28451	195804
6.28451	130536
6.32611	195804
6.32611	130536
6.36771	195804
6.36771	130536
6.40931	195804
6.40931	130536
6.45091	195804
6.45091	130536
6.49251	195804
6.49251	130536
6.53411	195804
6.53411	130536
6.57571	195804
6.57571	130536
6.61731	195804
6.61731	130536
6.65891	195804
6.65891	130536
6.70051	195804
6.70051	130536
6.74211	195804
6.74211	130536
6.78371	195804
6.78371	130536
6.82531	195804
6.82531	130536
6.86691	195804
6.86691	130536
6.90851	195804
6.90851	130536
6.95011	195804
6.95011	130536
6.99171	195804
6.99171	130536
7.03331	195804
7.03331	130536
7.07491	195804
7.07491	130536
7.11651	195804
7.11651	130536
7.15811	195804
7.15811	130536
7.19971	195804
7.19971	130536
7.24131	195804
7.24131	130536
7.28291	195804
7.28291	130536
7.32451	195804
7.32451	130536
7.36611	195804
7.36611	130536
7.40771	195804
7.40771	130536
7.44931	195804
7.44931	130536
7.49091	195804
7.49091	130536
7.53251	195804
7.53251	130536
7.57411	195804
7.57411	130536
7.61571	195804
7.61571	130536
7.65731	195804
7.65731	130536
7.69891	195804
7.69891	130536
7.74051	195804
7.74051	130536
7.78211	195804
7.78211	130536
7.82371	195804
7.82371	130536
7.86531	195804
7.86531	130536
7.90691	195804
7.90691	130536
7.94851	195804
7.94851	130536
7.99011	195804
7.99011	130536
8.03171	195804
8.03171	130536
8.07331	195804
8.07331	130536
8.11491	195804
8.11491	130536
8.15651	195804
8.15651	130536
8.19811	195804
8.19811	130536
8.23971	195804
8.23971	130536
8.28131	195804
8.28131	130536
8.32291	195804
8.32291	130536
8.36451	195804
8.36451	130536
8.40611	195804
8.40611	130536
8.44771	195804
8.44771	130536
8.48931	195804
8.48931	130536
8.53091	195804
8.53091	130536
8.57251	195804
8.57251	130536
8.61411	195804
8.61411	130536
8.65571	195804
8.65571	130536
8.69731	195804
8.69731	130536
8.73891	195804
8.73891	130536
8.78051	195804
8.78051	130536
8.82211	195804
8.82211	130536
8.86371	195804
8.86371	130536
8.90531	195804
8.90531	130536
8.94691	195804
8.94691	130536
8.98851	195804
8.98851	130536
9.03011	195804
9.03011	130536
9.07171	195804
9.07171	130536
9.11331	195804
9.11331	130536
9.15491	195804
9.15491	130536
9.19651	195804
9.19651	130536
9.23811	195804
9.23811	130536
9.27971	195804
9.27971	130536
9.32131	195804
9.32131	130536
9.36291	195804
9.36291	130536
9.40451	195804
9.40451	130536
9.44611	195804
9.44611	130536
9.48771	195804
9.48771	130536
9.52931	195804
9.52931	130536
9.57091	195804
9.57091	130536
9.61251	195804
9.61251	130536
9.65411	195804
9.65411	130536
9.69571	195804
9.69571	130536
9.73731	195804
9.73731	130536
9.77891	195804
9.77891	130536
9.82051	195804
9.82051	130536
9.86211	195804
9.86211	130536
9.90371	195804
9.90371	130536
9.94531	195804
9.94531	130536
9.98691	195804
9.98691	130536
10.0285	195804
10.0285	130536
10.0701	195804
10.0701	130536
10.1117	195804
10.1117	130536
10.1533	195804
10.1533	130536
10.1949	195804
10.1949	130536
10.2365	195804
10.2365	130536
10.2781	195804
10.2781	130536
10.3197	195804
10.3197	130536
10.3613	195804
10.3613	130536
10.4029	195804
10.4029	130536
10.4445	195804
10.4445	130536
10.4861	195804
10.4861	130536
10.5277	195804
10.5277	130536
10.5693	195804
10.5693	130536
10.6109	195804
10.6109	130536
10.6525	195804
10.6525	130536
10.6941	195804
10.6941	130536
10.7357	195804
10.7357	130536
10.7773	195804
10.7773	130536
10.8189	195804
10.8189	130536
10.8605	195804
10.8605	130536
10.9021	195804
10.9021	130536
10.9437	195804
10.9437	130536
10.9853	195804
10.9853	130536
11.0269	195804
11.0269	130536
11.0685	195804
11.0685	130536
11.1101	195804
11.1101	130536
11.1517	195804
11.1517	130536
11.1933	195804
11.1933	130536
11.2349	195804
11.2349	130536
11.2765	195804
11.2765	130536
11.3181	195804
11.3181	130536
11.3597	195804
11.3597	130536
11.4013	195804
11.4013	130536
11.4429	195804
11.4429	130536
11.4845	195804
11.4845	130536
11.5261	195804
11.5261	130536
11.5677	195804
11.5677	130536
11.6093	195804
11.6093	130536
11.6509	195804
11.6509	130536
11.6925	195804
11.6925	130536
11.7341	195804
11.7341	130536
11.7757	195804
11.7757	130536
11.8173	195804
11.8173	130536
11.8589	195804
11.8589	130536
11.9005	195804
11.9005	130536
11.9421	195804
11.9421	130536
11.9837	195804
11.9837	130536
12.0253	195804
12.0253	130536
12.0669	195804
12.0669	130536
12.1085	195804
12.1085	130536
12.1501	195804
12.1501	130536
12.1917	195804
12.1917	130536
12.2333	195804
12.2333	130536
12.2749	195804
12.2749	130536
12.3165	195804
12.3165	130536
12.3581	195804
12.3581	130536
12.3997	195804
12.3997	130536
12.4413	195804
12.4413	130536
12.4829	195804
12.4829	130536
12.5245	195804
12.5245	130536
12.5661	195804
12.5661	130536
12.6077	195804
12.6077	130536
12.6493	195804
12.6493	130536
12.6909	195804
12.6909	130536
12.7325	195804
12.7325	130536
12.7741	195804
12.7741	130536
12.8157	195804
12.8157	130536
12.8573	195804
12.8573	130536
12.8989	195804
12.8989	130536
12.9405	195804
12.9405	130536
12.9821	195804
12.9821	130536
13.0237	195804
13.0237	130536
13.0653	195804
13.0653	130536
13.1069	195804
13.1069	130536
13.1485	195804
13.1485	130536
13.1901	195804
13.1901	130536
13.2317	195804
13.2317	130536
13.2733	195804
13.2733	130536
13.3149	195804
13.3149	130536
13.3565	195804
13.3565	130536
13.3981	195804
13.3981	130536
13.4397	195804
13.4397	130536
13.4813	195804
13.4813	130536
13.5229	195804
13.5229	130536
13.5645	195804
13.5645	130536
13.6061	195804
13.6061	130536
13.6477	195804
13.6477	130536
13.6893	195804
13.6893	130536
13.7309	195804
13.7309	130536
13.7725	195804
13.7725	130536
13.8141	195804
13.8141	130536
13.8557	195804
13.8557	130536
13.8973	195804
13.8973	130536
13.9389	195804
13.9389	130536
13.9805	195804
13.9805	130536
14.0221	195804
14.0221	130536
14.0637	195804
14.0637	130536
14.1053	195804
14.1053	130536
14.1469	195804
14.1469	130536
14.1885	195804
14.1885	130536
14.2301	195804
14.2301	130536
14.2717	195804
14.2717	130536
14.3133	195804
14.3133	130536
14.3549	195804
14.3549	130536
14.3965	195804
14.3965	130536
14.4381	195804
14.4381	130536
14.4797	195804
14.4797	130536
14.5213	195804
14.5213	130536
14.5629	195804
14.5629	130536
14.6045	195804
14.6045	130536
14.6461	195804
14.6461	130536
14.6877	195804
14.6877	130536
14.7293	195804
14.7293	130536
14.7709	195804
14.7709	130536
14.8125	195804
14.8125	130536
14.8541	195804
14.8541	130536
14.8957	195804
14.8957	130536
14.9373	195804
14.9373	130536
14.9789	195804
14.9789	130536
15.0205	195804
15.0205	130536
15.0621	195804
15.0621	130536
15.1037	195804
15.1037	130536
15.1453	195804
15.1453	130536
15.1869	195804
15.1869	130536
15.2285	195804
15.2285	130536
15.2701	195804
15.2701	130536
15.3117	195804
15.3117	130536
15.3533	195804
15.3533	130536
15.3949	195804
15.3949	130536
15.4365	195804
15.4365	130536
15.4781	195804
15.4781	130536
15.5197	195804
15.5197	130536
15.5613	195804
15.5613	130536
15.6029	195804
15.6029	130536
15.6445	195804
15.6445	130536
15.6861	195804
15.6861	130536
15.7277	195804
15.7277	130536
15.7693	195804
15.7693	130536
15.8109	195804
15.8109	130536
15.8525	195804
15.8525	130536
15.8941	195804
15.8941	130536
15.9357	195804
15.9357	130536
15.9773	195804
15.9773	130536
16.0189	195804
16.0189	130536
16.0605	195804
16.0605	130536
16.1021	195804
16.1021	130536
16.1437	195804
16.1437	130536
16.1853	195804
16.1853	130536
16.2269	195804
16.2269	130536
16.2685	195804
16.2685	130536
16.3101	195804
16.3101	130536
16.3517	195804
16.3517	130536
16.3933	195804
16.3933	130536
16.4349	195804
16.4349	130536
16.4765	195804
16.4765	130536
16.5181	195804
16.5181	130536
16.5597	195804
16.5597	130536
16.6013	195804
16.6013	130536
16.6429	195804
16.6429	130536
16.6845	195804
16.6845	130536
16.7261	195804
16.7261	130536
16.7677	195804
16.7677	130536
16.8093	195804
16.8093	130536
16.8509	195804
16.8509	130536
16.8925	195804
16.8925	130536
16.9341	195804
16.9341	130536
16.9757	195804
16.9757	130536
17.0173	195804
17.0173	130536
17.0589	195804
17.0589	130536
17.1005	195804
17.1005	130536
17.1421	195804
17.1421	130536
17.1837	195804
17.1837	130536
17.2253	195804
17.2253	130536
17.2669	195804
17.2669	130536
17.3085	195804
17.3085	130536
17.3501	195804
17.3501	130536
17.3917	195804
17.3917	130536
17.4333	195804
17.4333	130536
17.4749	195804
17.4749	130536
17.5165	195804
17.5165	130536
17.5581	195804
17.5581	130536
17.5997	195804
17.5997	130536
17.6413	195804
17.6413	130536
17.6829	195804
17.6829	130536
17.7245	195804
17.7245	130536
17.7661	195804
17.7661	130536
17.8077	195804
17.8077	130536
17.8493	195804
17.8493	130536
17.8909	195804
17.8909	130536
17.9325	195804
17.9325	130536
17.9741	195804
17.9741	130536
18.0157	195804
18.0157	130536
18.0573	195804
18.0573	130536
18.0989	195804
18.0989	130536
18.1405	195804
18.1405	130536
18.1821	195804
18.1821	130536
18.2237	195804
18.2237	130536
18.2653	195804
18.2653	130536
18.3069	195804
18.3069	130536
18.3485	195804
18.3485	130536
18.3901	195804
18.3901	130536
18.4317	195804
18.4317	130536
18.4733	195804
18.4733	130536
18.5149	195804
18.5149	130536
18.5565	195804
18.5565	130536
18.5981	195804
18.5981	130536
18.6397	195804
18.6397	130536
18.6813	195804
18.6813	130536
18.7229	195804
18.7229	130536
18.7645	195804
18.7645	130536
18.8061	195804
18.8061	130536
18.8477	195804
18.8477	130536
18.8893	195804
18.8893	130536
18.9309	195804
18.9309	130536
18.9725	195804
18.9725	130536
19.0141	195804
19.0141	130536
19.0557	195804
19.0557	130536
19.0973	195804
19.0973	130536
19.1389	195804
19.1389	130536
19.1805	195804
19.1805	130536
19.2221	195804
19.2221	130536
19.2637	195804
19.2637	130536
19.3053	195804
19.3053	130536
19.3469	195804
19.3469	130536
19.3885	195804
19.3885	130536
19.4301	195804
19.4301	130536
19.4717	195804
19.4717	130536
19.5133	195804
19.5133	130536
19.5549	195804
19.5549	130536
19.5965	195804
19.5965	130536
19.6381	195804
19.6381	130536
19.6797	195804
19.6797	130536
19.7213	195804
19.7213	130536
19.7629	195804
19.7629	130536
19.8045	195804
19.8045	130536
19.8461	195804
19.8461	130536
19.8877	195804
19.8877	130536
19.9293	195804
19.9293	130536
19.9709	195804
19.9709	130536
20.0125	195804
20.0125	130536
20.0677	195804
20.0677	130536
20.1032	195804
20.1032	130536
20.1387	195804
20.1387	130536
20.1789	195804
20.1789	130536
20.2341	195804
20.2341	130536
20.2696	195804
20.2696	130536
20.3051	195804
20.3051	130536
20.3453	195804
20.3453	130536
20.4005	195804
20.4005	130536
20.436	195804
20.436	130536
20.4715	195804
20.4715	130536
20.5117	195804
20.5117	130536
20.5669	195804
20.5669	130536
20.6024	195804
20.6024	130536
20.6379	195804
20.6379	130536
20.6781	195804
20.6781	130536
20.7333	195804
20.7333	130536
20.7688	195804
20.7688	130536
20.8043	195804
20.8043	130536
20.8445	195804
20.8445	130536
20.8997	195804
20.8997	130536
20.9352	195804
20.9352	130536
20.9707	195804
20.9707	130536
21.0109	195804
21.0109	130536
21.0661	195804
21.0661	130536
21.1016	195804
21.1016	130536
21.1371	195804
21.1371	130536
21.1773	195804
21.1773	130536
21.2325	195804
21.2325	130536
21.268	195804
21.268	130536
21.3035	195804
21.3035	130536
21.3437	195804
21.3437	130536
21.3989	195804
21.3989	130536
21.4344	195804
21.4344	130536
21.4699	195804
21.4699	130536
21.5101	195804
21.5101	130536
21.5653	195804
21.5653	130536
21.6008	195804
21.6008	130536
21.6363	195804
21.6363	130536
21.6765	195804
21.6765	130536
21.7317	195804
21.7317	130536
21.7672	195804
21.7672	130536
21.8027	195804
21.8027	130536
21.8429	195804
21.8429	130536
21.8981	195804
21.8981	130536
21.9336	195804
21.9336	130536
21.9691	195804
21.9691	130536
22.0093	195804
22.0093	130536
22.0645	195804
22.0645	130536
22.1	195804
22.1	130536
22.1355	195804
22.1355	130536
22.1757	195804
22.1757	130536
22.2309	195804
22.2309	130536
22.2664	195804
22.2664	130536
22.3019	195804
22.3019	130536
22.3421	195804
22.3421	130536
22.3973	195804
22.3973	130536
22.4328	195804
22.4328	130536
22.4683	195804
22.4683	130536
22.5085	195804
22.5085	130536
22.5637	195804
22.5637	130536
22.5992	195804
22.5992	130536
22.6347	195804
22.6347	130536
22.6749	195804
22.6749	130536
22.7301	195804
22.7301	130536
22.7656	195804
22.7656	130536
22.8011	195804
22.8011	130536
22.8413	195804
22.8413	130536
22.8965	195804
22.8965	130536
22.932	195804
22.932	130536
22.9675	195804
22.9675	130536
23.0077	195804
23.0077	130536
23.0629	195804
23.0629	130536
23.0984	195804
23.0984	130536
23.1339	195804
23.1339	130536
23.1741	195804
23.1741	130536
23.2293	195804
23.2293	130536
23.2648	195804
23.2648	130536
23.3003	195804
23.3003	130536
23.3405	195804
23.3405	130536
23.3957	195804
23.3957	130536
23.4312	195804
23.4312	130536
23.4667	195804
23.4667	130536
23.5069	195804
23.5069	130536
23.5621	195804
23.5621	130536
23.5976	195804
23.5976	130536
23.6331	195804
23.6331	130536
23.6733	195804
23.6733	130536
23.7285	195804
23.7285	130536
23.764	195804
23.764	130536
23.7995	195804
23.7995	130536
23.8397	195804
23.8397	130536
23.8949	195804
23.8949	130536
23.9304	195804
23.9304	130536
23.9659	195804
23.9659	130536
24.0061	195804
24.0061	130536
24.0613	195804
24.0613	130536
24.0968	195804
24.0968	130536
24.1323	195804
24.1323	130536
24.1725	195804
24.1725	130536
24.2277	195804
24.2277	130536
24.2632	195804
24.2632	130536
24.2987	195804
24.2987	130536
24.3389	195804
24.3389	130536
24.3941	195804
24.3941	130536
24.4296	195804
24.4296	130536
24.4651	195804
24.4651	130536
24.5053	195804
24.5053	130536
24.5605	195804
24.5605	130536
24.596	195804
24.596	130536
24.6315	195804
24.6315	130536
24.6717	195804
24.6717	130536
24.7269	195804
24.7269	130536
24.7624	195804
24.7624	130536
24.7979	195804
24.7979	130536
24.8381	195804
24.8381	130536
24.8933	195804
24.8933	130536
24.9288	195804
24.9288	130536
24.9643	195804
24.9643	130536
25.0045	195804
25.0045	130536
25.0597	195804
25.0597	130536
25.0952	195804
25.0952	130536
25.1307	195804
25.1307	130536
25.1709	195804
25.1709	130536
25.2261	195804
25.2261	130536
25.2616	195804
25.2616	130536
25.2971	195804
25.2971	130536
25.3373	195804
25.3373	130536
25.3925	195804
25.3925	130536
25.428	195804
25.428	130536
25.4635	195804
25.4635	130536
25.5037	195804
25.5037	130536
25.5589	195804
25.5589	130536
25.5944	195804
25.5944	130536
25.6299	195804
25.6299	130536
25.6701	195804
25.6701	130536
25.7253	195804
25.7253	130536
25.7608	195804
25.7608	130536
25.7963	195804
25.7963	130536
25.8365	195804
25.8365	130536
25.8917	195804
25.8917	130536
25.9272	195804
25.9272	130536
25.9627	195804
25.9627	130536
26.0029	195804
26.0029	130536
26.0581	195804
26.0581	130536
26.0936	195804
26.0936	130536
26.1291	195804
26.1291	130536
26.1693	195804
26.1693	130536
26.2245	195804
26.2245	130536
26.26	195804
26.26	130536
26.2955	195804
26.2955	130536
26.3357	195804
26.3357	130536
26.3909	195804
26.3909	130536
26.4264	195804
26.4264	130536
26.4619	195804
26.4619	130536
26.5021	195804
26.5021	130536
26.5573	195804
26.5573	130536
26.5928	195804
26.5928	130536
26.6283	195804
26.6283	130536
26.6685	195804
26.6685	130536
26.7237	195804
26.7237	130536
26.7592	195804
26.7592	130536
26.7947	195804
26.7947	130536
26.8349	195804
26.8349	130536
26.8901	195804
26.8901	130536
26.9256	195804
26.9256	130536
26.9611	195804
26.9611	130536
27.0013	195804
27.0013	130536
27.0565	195804
27.0565	130536
27.092	195804
27.092	130536
27.1275	195804
27.1275	130536
27.1677	195804
27.1677	130536
27.2229	195804
27.2229	130536
27.2584	195804
27.2584	130536
27.2939	195804
27.2939	130536
27.3341	195804
27.3341	130536
27.3893	195804
27.3893	130536
27.4248	195804
27.4248	130536
27.4603	195804
27.4603	130536
27.5005	195804
27.5005	130536
27.5557	195804
27.5557	130536
27.5912	195804
27.5912	130536
27.6267	195804
27.6267	130536
27.6669	195804
27.6669	130536
27.7221	195804
27.7221	130536
27.7576	195804
27.7576	130536
27.7931	195804
27.7931	130536
27.8333	195804
27.8333	130536
27.8885	195804
27.8885	130536
27.924	195804
27.924	130536
27.9595	195804
27.9595	130536
27.9997	195804
27.9997	130536
28.0549	195804
28.0549	130536
28.0904	195804
28.0904	130536
28.1259	195804
28.1259	130536
28.1661	195804
28.1661	130536
28.2213	195804
28.2213	130536
28.2568	195804
28.2568	130536
28.2923	195804
28.2923	130536
28.3325	195804
28.3325	130536
28.3877	195804
28.3877	130536
28.4232	195804
28.4232	130536
28.4587	195804
28.4587	130536
28.4989	195804
28.4989	130536
28.5541	195804
28.5541	130536
28.5896	195804
28.5896	130536
28.6251	195804
28.6251	130536
28.6653	195804
28.6653	130536
28.7205	195804
28.7205	130536
28.756	195804
28.756	130536
28.7915	195804
28.7915	130536
28.8317	195804
28.8317	130536
28.8869	195804
28.8869	130536
28.9224	195804
28.9224	130536
28.9579	195804
28.9579	130536
28.9981	195804
28.9981	130536
29.0533	195804
29.0533	130536
29.0888	195804
29.0888	130536
29.1243	195804
29.1243	130536
29.1645	195804
29.1645	130536
29.2197	195804
29.2197	130536
29.2552	195804
29.2552	130536
29.2907	195804
29.2907	130536
29.3309	195804
29.3309	130536
29.3861	195804
29.3861	130536
29.4216	195804
29.4216	130536
29.4571	195804
29.4571	130536
29.4973	195804
29.4973	130536
29.5525	195804
29.5525	130536
29.588	195804
29.588	130536
29.6235	195804
29.6235	130536
29.6637	195804
29.6637	130536
29.7189	195804
29.7189	130536
29.7544	195804
29.7544	130536
29.7899	195804
29.7899	130536
29.8301	195804
29.8301	130536
29.8853	195804
29.8853	130536
29.9208	195804
29.9208	130536
29.9563	195804
29.9563	130536
29.9965	195804
29.9965	130536
30.0517	195804
30.0517	130536
30.0872	195804
30.0872	130536
30.1569	195804
30.1569	130536
30.2095	195804
30.2095	130536
30.2621	195804
30.2621	130536
30.3319	195804
30.3319	130536
30.3845	195804
30.3845	130536
30.4542	195804
30.4542	130536
30.5068	195804
30.5068	130536
30.5765	195804
30.5765	130536
30.6292	195804
30.6292	130536
30.6818	195804
30.6818	130536
30.7515	195804
30.7515	130536
30.8041	195804
30.8041	130536
30.8738	195804
30.8738	130536
30.9264	195804
30.9264	130536
30.9962	195804
30.9962	130536
31.0488	195804
31.0488	130536
31.1014	195804
31.1014	130536
31.1711	195804
31.1711	130536
31.2237	195804
31.2237	130536
31.2934	195804
31.2934	130536
31.346	195804
31.346	130536
31.4158	195804
31.4158	130536
31.4684	195804
31.4684	130536
31.5381	195804
31.5381	130536
31.5907	195804
31.5907	130536
31.6433	195804
31.6433	130536
31.7131	195804
31.7131	130536
31.7657	195804
31.7657	130536
31.8354	195804
31.8354	130536
31.888	195804
31.888	130536
31.9577	195804
31.9577	130536
32.0103	195804
32.0103	130536
32.0629	195804
32.0629	130536
32.1327	195804
32.1327	130536
32.1853	195804
32.1853	130536
32.255	195804
32.255	130536
32.3076	195804
32.3076	130536
32.3773	195804
32.3773	130536
32.43	195804
32.43	130536
32.4826	195804
32.4826	130536
32.5523	195804
32.5523	130536
32.6049	195804
32.6049	130536
32.6746	195804
32.6746	130536
32.7272	195804
32.7272	130536
32.797	195804
32.797	130536
32.8496	195804
32.8496	130536
32.9022	195804
32.9022	130536
32.9719	195804
32.9719	130536
33.0245	195804
33.0245	130536
33.0942	195804
33.0942	130536
33.1468	195804
33.1468	130536
33.2166	195804
33.2166	130536
33.2692	195804
33.2692	130536
33.3218	195804
33.3218	130536
33.3915	195804
33.3915	130536
33.4441	195804
33.4441	130536
33.5139	195804
33.5139	130536
33.5665	195804
33.5665	130536
33.6362	195804
33.6362	130536
33.6888	195804
33.6888	130536
33.7414	195804
33.7414	130536
33.8111	195804
33.8111	130536
33.8637	195804
33.8637	130536
33.9335	195804
33.9335	130536
33.9861	195804
33.9861	130536
34.0558	195804
34.0558	130536
34.1084	195804
34.1084	130536
34.161	195804
34.161	130536
34.2308	195804
34.2308	130536
34.2834	195804
34.2834	130536
34.3531	195804
34.3531	130536
34.4057	195804
34.4057	130536
34.4754	195804
34.4754	130536
34.6065	30066
34.6501	30602
34.6591	31138
34.6856	31674
34.6946	32210
34.7211	32746
34.73	33282
34.7566	33818
34.7655	34354
34.7921	34890
34.8358	35426
34.8447	35962
34.8713	36498
34.8802	37034
34.9068	37570
34.9665	38106
34.9936	38642
35.0544	39178
35.081	39714
35.1246	40250
35.1854	40786
35.1944	41322
35.2209	41858
35.2299	42394
35.2564	42930
35.3001	43466
35.3599	44002
35.3869	44538
35.4306	45074
35.4396	45610
35.4661	46146
35.475	46682
35.5016	47218
35.5105	47754
35.5542	48290
35.5808	48826
35.6405	49362
35.6847	49898
35.7113	50434
35.7368	50970
35.7639	51506
35.8076	52042
35.8513	52578
35.8778	53114
35.9386	53650
35.9652	54186
36.3362	20259
37.8961	20795
37.9226	21331
37.9321	21867
37.9604	40566
37.9698	41102
37.9793	41638
37.9887	42174
38.0153	42710
38.0247	43246
38.0341	43782
38.0436	44318
38.053	44854
38.0625	45390
38.0719	45926
38.0813	46462
38.0908	46998
38.1002	47534
38.1097	48070
38.1533	48606
39.3612	49142
39.3877	49678
39.3972	50214
39.4237	50750
39.4332	51286
39.4597	51822
39.4863	52358
39.4957	38958
39.4957	58437
39.5583	45096
39.5677	45632
39.5943	46168
39.6037	46704
39.6474	47240
39.674	47776
39.7005	48312
39.71	48848
39.7194	49384
39.7289	49920
39.7897	50456
39.7991	50992
39.877	51528
39.9549	52064
39.9644	52600
40.9325	53136
40.9591	53672
40.9685	54208
40.9951	54744
41.0045	55280
41.0311	55816
41.0577	56352
41.0842	56888
41.0937	57424
41.1202	57960
41.1297	58496
41.1391	59032
41.1485	59568
41.158	60104
41.1674	60640
41.1769	43488
41.1769	65232
42.7289	50250
42.7383	50786
42.7649	51322
42.7743	51858
42.8009	52394
42.8274	52930
42.8369	53466
42.8634	54002
42.8729	54538
42.8994	55074
42.9089	55610
42.9183	56146
42.9277	56682
42.9372	57218
42.9466	57754
42.9561	58290
43.2335	24321
44.3522	24857
45.9804	25393
46.0069	25929
46.0695	45426
46.0789	45962
46.1055	43818
46.1055	65727
46.4077	50790
47.6498	51326
47.6764	51862
47.6858	52398
47.7124	52934
47.7218	53470
47.7313	54006
47.7578	54542
47.7673	55078
47.7767	55614
47.7861	56150
47.8641	56686
47.9591	57222
47.9685	57758
47.978	58294
47.9874	58830
47.9969	59366
48.1261	59902
48.3667	24591
49.994	25127
51.6298	25663
51.6924	42570
51.7018	43106
51.7284	43642
51.7378	44178
51.7644	44714
51.7738	45250
51.7833	45786
51.7927	40962
51.7927	61443
51.821	47436
51.8305	47972
51.8399	48508
51.8493	49044
51.8588	49580
51.8682	50116
51.8777	50652
51.8871	51188
51.8965	51724
51.906	52260
51.9154	52796
51.9249	53332
51.9343	53868
51.9437	54404
51.9532	54940
53.161	55476
53.1876	56012
53.197	56548
53.2236	57084
53.233	57620
53.2425	58156
53.2519	58692
53.2613	59228
53.2879	59764
53.3145	60300
53.3239	45828
53.3239	68742
53.3522	52872
53.3617	53408
53.3711	53944
53.3805	54480
53.4071	55016
53.4165	55552
53.426	56088
53.4354	56624
53.4449	57160
53.4543	57696
53.4637	58232
53.4732	58768
53.5511	59304
53.6461	59840
53.7241	60376
53.802	60912
53.897	61448
54.8481	61984
54.8746	62520
54.9012	63056
54.9106	63592
54.9372	64128
54.9466	64664
54.9732	65200
54.9826	65736
55.0092	66272
55.0186	66808
55.0281	67344
55.0375	67880
55.0469	68416
55.0906	51264
55.0906	76896
56.7453	58902
56.7548	59438
56.7813	59974
56.7908	60510
56.8173	61046
56.8268	61582
56.8533	62118
56.8628	62654
56.8722	63190
56.8817	63726
56.8911	64262
56.9005	64798
56.91	65334
56.9194	65870
56.9289	66406
57.3518	28647
58.3593	29183
60.0045	29719
60.014	30255
60.0405	30791
60.086	49476
60.1125	50012
60.122	50548
60.1314	51084
60.1409	51620
60.1503	52156
60.1597	52692
60.1692	53228
60.1786	53764
60.1881	47868
60.1881	71802
60.2164	55140
60.2258	55676
60.2353	56212
60.2447	56748
60.2541	57284
60.2636	57820
60.273	58356
60.2825	58892
60.2919	59428
60.3013	59964
60.3108	60500
60.3202	61036
60.3297	53532
60.3297	80298
60.358	61518
61.4973	62054
61.5068	62590
61.5333	63126
61.5599	63662
61.6036	59910
61.6036	89865
61.613	134797
61.613	109856
61.6319	164784
61.6319	111432
61.6413	167148
61.6413	111000
61.6508	166500
61.6508	112040
61.6602	168060
61.6602	111536
61.6697	167304
61.6697	112576
61.6791	168864
61.6791	112072
61.6885	168108
61.6885	113112
61.698	169668
61.698	112592
61.7074	168888
61.7074	112592
61.7169	168888
61.7169	112592
61.7263	168888
61.7263	112680
61.7357	169020
61.7357	113576
61.7452	170364
61.7452	113128
61.7546	169692
61.7546	113128
61.7735	169692
61.7735	113128
61.8189	86430
61.8284	86966
61.8378	87502
61.8473	88038
61.8567	88574
61.8661	89110
61.9269	89646
61.9364	90182
62.0143	90718
62.0922	91254
62.1017	91790
62.1625	92326
62.1719	92862
62.2498	93398
62.3277	93934
62.3372	94470
62.398	95006
62.4074	95542
62.4853	96078
62.5633	96614
62.5727	97150
62.6506	97686
63.0025	98222
63.029	98758
63.0385	99294
63.065	99830
63.0745	100366
63.101	100902
63.1105	101438
63.1199	101974
63.1293	102510
63.1388	103046
63.1653	103582
63.1919	104118
63.2185	104654
63.2279	105190
63.2373	105726
63.2639	106262
63.2905	106798
63.317	107334
63.3607	107870
63.3873	108406
63.3967	108942
63.4061	109478
63.4156	110014
63.425	110550
63.4345	111086
63.4439	111622
63.4533	112158
63.4628	112694
63.4722	113230
63.4988	113766
63.5425	114302
63.5519	114838
63.5613	115374
63.5708	115910
63.6316	116446
63.641	116982
63.6505	117518
63.6599	118054
63.6693	118590
63.6788	119126
63.7053	119662
63.7148	120198
63.7242	120734
63.9483	42411
65.3258	42947
66.7049	43483
66.758	44019
66.7674	44555
66.794	45091
66.8034	45627
66.83	46163
66.8394	46699
66.8754	47235
66.9285	47771
66.938	48307
67.0005	72828
67.01	73364
67.0365	73900
67.046	74436
67.0725	74972
67.082	75508
67.1085	76044
67.118	76580
67.1274	77116
67.1369	77652
67.1463	78188
67.1557	78724
67.1652	79260
67.1746	79796
67.1841	80332
67.1935	80868
67.2029	81404
67.2124	81940
67.2218	82476
67.2313	83012
67.2407	83548
67.2501	84084
67.2596	84620
67.269	85156
67.2785	85692
67.2879	86228
67.2973	86764
67.3068	87300
67.3162	87836
67.3257	88372
67.3351	88908
67.3445	89444
67.354	89980
67.3634	90516
67.3729	91052
67.3823	91588
67.3917	92124
67.4012	92660
67.4106	93196
68.0364	93732
68.0629	94268
68.1066	94804
68.1332	95340
68.1426	95876
68.1692	96412
68.1786	96948
68.2052	97484
68.2146	98020
68.2241	98556
68.2335	99092
68.2429	99628
68.2695	100164
68.2961	100700
68.3055	101236
68.3321	101772
68.3415	102308
68.3509	102844
68.3604	103380
68.3698	103916
68.3793	104452
68.3887	104988
68.3981	105524
68.4076	71220
68.4076	106830
68.4076	76320
68.453	72360
68.4796	72896
68.489	73432
68.4985	73968
68.5079	74504
68.5173	75040
68.5268	75576
68.5533	76112
68.5799	76648
68.6065	77184
68.6159	77720
68.6253	78256
68.6348	78792
68.6442	79328
68.6537	79864
68.6802	80400
68.7068	80936
68.7162	81472
68.7257	82008
68.7351	82544
68.7445	83080
68.754	83616
68.8148	84152
68.8242	84688
68.9021	85224
68.9116	85760
68.9724	86296
68.9818	86832
69.0426	87368
69.0521	87904
69.13	88440
69.7729	70752
69.7729	106128
69.7729	67296
71.5858	33165
72.9153	33701
74.2601	34237
74.2961	34773
74.3321	35309
74.3681	35845
74.4041	36381
74.4666	36917
74.5026	37453
74.5386	37989
74.5746	38525
74.6372	39061
74.6732	39597
74.7092	40133
74.7186	40669
74.7469	55074
74.7564	55610
74.7658	56146
74.7753	56682
74.7847	57218
74.7941	57754
74.8036	58290
74.813	58826
74.8225	59362
74.8319	59898
74.8413	60434
74.8508	60970
74.8602	61506
74.8697	62042
74.8791	62578
74.8885	63114
74.898	63650
75.6607	64186
75.6873	64722
75.6967	65258
75.7061	65794
75.7156	66330
75.7421	66866
75.7516	67402
75.7781	67938
75.7876	68474
75.8141	69010
75.8236	69546
75.833	70082
75.8767	70618
75.8861	71154
75.8956	71690
75.905	72226
75.9145	72762
75.941	73298
75.9505	73834
75.977	74370
75.9865	74906
75.9959	75442
76.0396	75978
76.049	76514
76.0585	77050
76.0679	77586
76.0773	78122
76.121	78658
76.1305	79194
76.157	79730
76.1836	80266
76.193	80802
76.2025	53466
76.2025	80199
76.2025	76936
76.265	59094
76.2916	59630
76.301	60166
76.3105	60702
76.3199	61238
76.3293	61774
76.3388	62310
76.3482	62846
76.3577	63382
76.3671	63918
76.3765	64454
76.386	64990
76.3954	65526
76.4049	66062
76.4143	66598
76.4237	67134
76.4332	67670
76.4426	68206
76.4521	68742
76.4615	69278
76.4709	69814
76.4804	70350
76.4898	70886
76.9615	71422
77.0052	71958
77.0146	72494
77.0412	73030
77.0849	73566
77.1114	74102
77.1551	74638
77.233	75174
77.2425	75710
77.269	76246
77.2785	76782
77.3221	77318
77.3658	77854
77.4095	78390
77.4361	78926
77.4455	79462
77.4549	79998
77.5842	80534
77.5937	81070
77.6202	81606
77.6297	82142
77.6562	82678
77.6828	83214
77.6922	83750
77.7017	84286
77.7111	84822
77.7205	85358
77.73	85894
77.7394	86430
77.7489	57486
77.7489	86229
77.7489	63536
80.0142	28341
81.4391	28877
82.8866	29413
82.9321	55476
82.9586	56012
82.9681	53868
82.9681	80802
82.9681	66752
83.0306	51858
83.0572	52394
83.0666	52930
83.0932	53466
83.1026	54002
83.1292	54538
83.1386	50250
83.1386	75375
83.1386	71040
83.2012	54672
83.2277	55208
83.2372	55744
83.2466	56280
83.2561	56816
83.2655	57352
83.2749	57888
83.2844	58424
83.2938	58960
83.3033	59496
83.3127	60032
83.3221	60568
83.3316	61104
83.341	61640
83.3505	62176
83.3599	62712
83.3693	63248
83.3788	63784
83.3882	64320
83.3977	64856
84.3487	65392
84.3753	65928
84.3847	66464
84.3941	67000
84.4378	67536
84.4473	68072
84.4567	68608
84.4661	69144
84.4756	69680
84.485	70216
84.4945	70752
84.5039	71288
84.5133	71824
84.5399	72360
84.5493	72896
84.5759	73432
84.5853	73968
84.5948	74504
84.6042	75040
84.6137	75576
84.6231	76112
84.6325	76648
84.642	77184
84.6514	77720
84.678	78256
84.7045	78792
84.7311	79328
84.7405	79864
84.75	80400
84.7594	80936
84.7689	81472
84.7783	82008
84.8049	82544
84.8314	83080
84.8409	83616
84.8503	84152
84.8597	84688
84.9034	85224
84.9129	85760
84.9223	86296
84.966	86832
84.9754	87368
84.9849	87904
84.9943	88440
85.0209	88976
85.0303	89512
85.0397	90048
85.0492	90584
85.0929	91120
85.1023	91656
85.1117	92192
85.1212	92728
85.1477	93264
85.1572	93800
85.1666	94336
85.1761	94872
85.2026	95408
85.2121	95944
85.2215	96480
85.404	29145
86.7994	29681
88.2127	30217
88.2581	36582
88.2847	37118
88.3113	37654
88.3207	38190
88.3473	38726
88.3567	39262
88.3833	39798
88.3927	40334
88.4193	40870
88.4287	41406
88.4553	41942
88.4647	42478
88.4913	43014
88.5178	43550
88.5273	44086
88.5538	34974
88.5538	52461
88.5993	40602
88.6087	41138
88.6181	41674
88.6276	42210
88.637	42746
88.6465	43282
88.6559	43818
88.6653	44354
88.6748	44890
88.6842	45426
88.6937	45962
88.7031	46498
88.7125	47034
88.722	47570
88.7314	48106
88.7409	48642
88.7503	49178
88.7597	49714
89.6594	50250
89.686	50786
89.6954	51322
89.722	51858
89.7314	52394
89.7409	52930
89.7503	53466
89.7597	54002
89.7692	54538
89.7786	55074
89.7881	55610
89.8146	56146
89.8241	56682
89.8506	57218
89.8601	57754
89.8695	58290
89.8961	58826
89.9055	59362
89.9149	59898
89.9244	60434
89.9338	60970
89.9433	61506
89.9698	62042
89.9793	62578
90.0058	63114
90.0324	63650
90.0418	64186
90.0513	64722
90.0607	65258
90.0873	65794
90.1138	66330
90.1404	66866
90.1498	67402
90.1593	67938
90.1687	68474
90.1953	69010
90.2561	69546
90.334	70082
90.3434	70618
90.8192	26331
96.9292	26867
98.5137	27403
98.5668	27939
98.6122	33366
98.6388	33902
98.6482	34438
98.6748	34974
98.6842	35510
98.6937	36046
98.7031	31758
98.7031	47637
98.722	71455
98.7503	55074
98.7597	55610
98.7692	56146
98.7786	56682
98.7881	57218
98.7975	57754
98.8069	58290
98.8164	58826
98.8258	59362
98.8353	53466
98.8353	80199
98.8447	120298
98.8447	117136
98.8541	175704
98.8541	117136
98.8825	88974
98.8919	89510
Flow 1 (10.1.1.1 -> 10.1.4.1)
  Tx Bytes:   1961332
  Rx Bytes:   1403796
  Throughput: 0.109417 Mbps
Flow 2 (10.1.4.1 -> 10.1.1.1)
  Tx Bytes:   86324
  Rx Bytes:   86324
  Throughput: 0.00672843 Mbps
Flow 3 (10.1.2.1 -> 10.1.5.1)
  Tx Bytes:   4813476
  Rx Bytes:   4077624
  Throughput: 0.388937 Mbps
