01101100110001010001111001101011
10100111010100000001111100110001
11010101000000000001010001000001
00001011111111010000100100001011
01111100010000100001011011001111
01000000100100000000111101111101
00100001010110111110001001110100
10010000111011100111101111010110
11110011110001100010011000101100
00100001101110000101011010101100
11010001001001010001111110110011
11110110100010110100001100000100
11110010000101110110101000011010
10101101101110011111101001100001
00111110101000111001111110110000
00011111101101001110000101001101
10001110011000011101101111110001
01000100001001011000010111011110
01000011001011101011111001000100
00100011011101001110001001000010
00010000111101110100111101000100
10110111101100101111000010011000
01111000111100111001011011111110
11101100111101011110000101011010
10000011100110111011011001011110
01101011010011111000110110100010
00010100010101001100000111011111
11110110001110111111111001100011
10010110111110001111101111111101
10010001110000010101000110101110
00000011101101100110100001110010
01001011000011101000001010100101
01101111111110101101010111100011
10101011100011000110010011011100
11011101001110111001001111010110
00101111100001110110101101000101
11110001011101000100011011010100
01111100001111111011101011000001
01010011000101111001111001010000
10100111110101000011101000100100
11010100011000000110010011010011
11000100011011101001101011011100
10011001010101111101111001111100
00111111010100011101001111000000
10001110011011110001010100011010
01000100010000110100001101010110
11010001101000101101100110110001
00001010100101010011011000100110
01110011100110101011101101110010
00101110111000010000001111011101
