15	536
15.0675	1072
15.1334	1608
15.2079	2144
15.3013	2680
15.3291	3216
15.4408	3752
15.4686	4288
15.5059	4824
15.6459	5360
15.6737	5896
15.711	6432
15.7482	6968
15.935	7504
15.9628	8040
16.0001	8576
16.0373	9112
16.0656	9648
16.1029	10184
16.3212	10720
16.3636	11256
16.4009	11792
16.4292	12328
16.4664	12864
16.5037	13400
16.5315	13936
16.5687	14472
16.606	15008
16.6343	15544
16.9512	16080
17.0351	16616
17.0634	17152
17.1007	17688
17.1285	18224
17.1657	18760
17.203	19296
17.2402	19832
17.2685	20368
17.2963	20904
17.3336	21440
17.3708	21976
17.4081	22512
17.4364	23048
17.6548	23584
17.9023	24120
18.0056	24656
18.0245	25192
18.0433	25728
18.0712	26264
18.09	26800
18.1089	27336
18.1278	27872
18.1561	28408
18.1844	28944
18.2122	29480
18.2311	30016
18.25	30552
18.2689	31088
18.2878	31624
18.3161	32160
18.3444	32696
18.3633	33232
18.3911	33768
18.41	34304
18.6194	34840
18.8753	536
19.6951	1072
19.8083	1608
19.8178	2144
19.9405	2680
19.9971	536
20.1482	1072
20.1671	1608
20.1859	1786
20.4219	536
20.4597	1072
20.6391	1340
20.7995	1554
20.9411	1738
21.045	1903
21.1111	2053
21.1634	2192
21.2252	2323
21.2441	2446
21.2818	2563
21.3007	2675
21.3385	2782
21.3574	2885
21.4046	2984
21.4234	3080
21.4801	3173
21.499	3263
21.5556	3351
21.5745	3436
21.5934	3519
21.6594	3600
21.6783	3679
21.6972	3757
21.7538	3833
21.7727	3907
21.7916	3980
21.8577	4052
21.8766	4122
21.8954	4191
21.971	4259
21.9898	4326
22.0087	4392
22.0937	4457
22.1126	4521
22.1314	4584
22.1503	4646
22.2258	4707
22.2447	4768
22.2636	4828
22.2825	4887
22.358	4945
22.3769	5003
22.3958	5060
22.4146	5116
22.5279	5172
22.5657	5227
22.6034	5281
22.6412	5335
22.83	5388
22.8678	5441
22.9055	5493
22.9433	5545
23.1622	5596
23.2359	5647
23.2831	5697
23.3398	5747
23.3964	5796
23.6153	5845
23.7929	5894
23.859	5942
23.9345	5990
24.01	6037
24.2289	6084
24.4932	6131
24.5481	6177
24.633	6223
24.718	6269
24.8124	6314
25.0313	6359
25.2673	6404
25.4826	6448
25.586	6492
25.6898	6536
25.9087	6579
26.4478	536
26.5044	1072
26.5473	1608
26.5568	2144
26.5903	2680
26.6186	536
26.6426	1072
26.6615	1608
26.6804	1786
26.7087	536
26.7276	1072
26.7516	1340
26.7945	1554
26.8469	1738
26.8992	1903
26.9421	2053
26.985	2192
27.028	2323
27.0468	2446
27.0803	2563
27.0992	2675
27.1327	2782
27.1515	2885
27.185	2984
27.2133	3080
27.2322	3173
27.2562	3263
27.2751	3351
27.2992	3436
27.318	3519
27.3369	3600
27.3558	3679
27.3747	3757
27.3936	3833
27.4124	3907
27.4313	3980
27.4502	4052
27.488	4122
27.5068	4191
27.5257	4259
27.5729	4326
27.5918	4392
27.6107	4457
27.6579	4521
27.6768	4584
27.6956	4646
27.7145	4707
27.79	4768
27.8089	4828
27.8278	4887
27.8467	4945
27.9222	5003
27.9411	5060
27.96	5116
27.9788	5172
28.0544	5227
28.0732	5281
28.0921	5335
28.111	5388
28.196	5441
28.2148	5493
28.2337	5545
28.2526	5596
28.2715	5647
28.347	5697
28.3659	5747
28.3848	5796
28.4036	5845
28.4225	5894
28.5075	5942
28.5264	5990
28.5452	6037
28.5641	6084
28.583	6131
28.6774	6177
28.6963	6223
28.7152	6269
28.734	6314
28.7529	6359
28.8568	6404
28.8756	6448
28.8945	6492
28.9134	6536
28.9323	6579
29.0361	6622
29.055	6665
29.0739	6708
29.1116	6750
29.1494	6792
29.1872	6834
29.376	6876
29.4137	6917
29.4515	6958
29.4892	6999
29.527	7040
29.5648	7080
29.7913	7120
29.848	7160
29.9046	7200
29.9612	7239
30.0084	7278
30.0745	7317
30.2934	7356
30.4144	7395
30.4899	7433
30.5654	7471
30.6504	7509
30.7164	7547
30.8014	7585
31.2356	7622
31.33	7659
31.4339	7696
31.5377	7733
31.5755	7770
31.651	7806
31.7643	7842
33.4175	536
34.1166	1072
34.6529	1608
35.2236	2144
35.4425	2680
35.8542	3216
36.0725	3752
36.1029	4288
36.582	4355
36.8009	4420
36.8124	4484
36.8591	4548
37.0774	4611
37.2746	4673
37.4315	4734
37.4777	4794
37.6624	4853
37.8571	4912
37.9956	4970
38.0418	5027
38.1992	5084
38.3844	5140
38.4951	5195
38.5507	5250
38.6898	5304
38.8844	5358
38.9768	5411
39.0324	5464
39.1714	5516
39.3898	5568
39.4033	5619
39.4773	5670
39.5329	5720
39.6625	5770
39.872	5819
39.8945	5868
39.9684	5916
40.0241	5964
40.1542	6012
40.3672	6059
40.4044	6106
40.4784	6153
40.5251	6199
40.6547	6245
40.8736	6291
40.8866	6336
40.9333	6381
40.9978	6426
41.0535	6470
41.1836	6514
41.406	6558
41.4522	6601
41.5173	6644
41.5913	6687
41.6196	6729
41.7308	6771
41.9627	6813
42.0089	6855
42.0739	6896
42.1479	6937
42.1852	6978
42.2964	7019
42.5561	7059
42.6028	7099
42.6673	7139
42.7324	7179
42.7786	7219
42.8809	7258
43.0993	7297
43.1684	7336
43.224	7375
43.2796	7413
43.3541	7451
43.4003	7489
43.5115	7527
43.7896	7565
43.8452	7602
43.9009	7639
43.9753	7676
44.0215	7713
44.1328	7750
44.17	7787
44.4486	7823
44.5042	7859
44.5598	7895
44.6338	7931
44.6894	7967
44.8007	8003
44.8379	8038
45.1349	8073
45.1999	8108
45.2555	8143
45.3201	8178
45.3757	8213
45.4869	8247
45.5336	8281
45.8489	8315
45.9046	8349
45.9602	8383
46.0347	8417
46.0903	8451
46.2015	8484
46.2477	8517
46.4666	8550
46.5908	8583
46.6465	8616
46.7021	8649
46.7766	8682
46.8322	8715
46.9434	8747
46.9896	8779
47.3327	8811
47.37	8843
47.4167	8875
47.4723	8907
47.5557	8939
47.6113	8971
47.7225	9003
47.7782	9034
48.1119	9065
48.1675	9096
48.2142	9127
48.2698	9158
48.3721	9189
48.4277	9220
48.5389	9251
48.5945	9282
48.9282	9312
48.9839	9342
49.03	9372
49.0857	9402
49.1974	9432
49.253	9462
49.3642	9492
49.4199	9522
49.6382	9552
49.7719	9582
49.8275	9611
49.8742	9640
49.9393	9669
50.0505	9698
50.1061	9727
50.2174	9756
50.273	9785
50.6156	9814
50.6712	9843
50.7179	9872
50.7919	9901
50.8202	9930
50.922	9958
50.9776	9986
51.1077	10014
51.1633	10042
51.506	10070
51.5616	10098
51.6083	10126
51.6823	10154
51.7195	10182
51.8307	10210
51.8864	10238
52.0259	10266
52.0815	10293
52.4241	10320
52.4798	10347
52.5265	10374
52.591	10401
52.6377	10428
52.7489	10455
52.7951	10482
52.953	10509
53.0086	10536
53.2275	10563
53.3701	10590
53.4257	10617
53.4724	10644
53.5464	10670
53.5931	10696
53.7043	10722
53.7505	10748
53.9174	10774
53.973	10800
54.3156	10826
54.3712	10852
54.4179	10878
54.5013	10904
54.5569	10930
54.6587	10956
54.6871	10982
54.8723	11008
54.9463	536
55.8257	1072
56.4512	1608
56.9114	2144
57.1303	2680
57.2897	3216
57.4839	3752
57.6229	4288
57.6602	4824
57.827	5360
57.9849	5896
58.0222	5944
58.0594	5992
58.2079	6039
58.2357	6086
58.4125	6133
58.4498	6179
58.496	6225
58.635	6271
58.6722	6316
58.8674	6361
58.9136	6406
58.9603	6450
59.0993	6494
59.1455	6538
59.3549	6581
59.3685	6624
59.4241	6667
59.4708	6710
59.6004	6752
59.656	6794
59.8654	6836
59.9068	6878
59.9624	6919
60.0091	6960
60.1292	7001
60.1849	7042
60.4127	7082
60.4729	7122
60.5285	7162
60.5747	7202
60.7048	7241
60.7326	7280
60.7882	7319
61.0663	7358
61.1219	7397
61.1686	7435
61.2982	7473
61.3354	7511
61.3911	7549
61.6099	7587
61.6975	7624
61.7531	7661
61.7993	7698
61.9383	7735
61.9755	7772
62.0312	7808
62.2406	7844
62.3559	7880
62.4115	7916
62.4582	7952
62.5878	7988
62.634	8023
62.6896	8058
62.8991	8093
63.0422	8128
63.0978	8163
63.1445	8198
63.2741	8233
63.3297	8267
63.3853	8301
63.4137	8335
63.7473	8369
63.803	8403
63.8491	8437
63.9976	8471
64.0532	8504
64.1089	8537
64.1461	8570
64.3555	8603
64.4892	8636
64.5449	8669
64.6005	8702
64.7584	8735
64.814	8767
64.8696	8799
64.9163	8831
65.1293	8863
65.2778	8895
65.3334	8927
65.389	8959
65.547	8991
65.6115	9022
65.6671	9053
65.7138	9084
65.9363	9115
66.0942	9146
66.1498	9177
66.2054	9208
66.3723	9239
66.4373	9270
66.4929	9300
66.5391	9330
66.7616	9360
66.9195	9390
66.9751	9420
67.0307	9450
67.207	9480
67.2716	9510
67.3272	9540
67.3833	9570
67.6017	9600
67.6241	9629
67.7821	9658
67.8377	9687
67.8933	9716
68.0785	9745
68.1341	9774
68.1897	9803
68.2548	9832
68.4867	9861
68.6536	9890
68.6814	9919
68.737	9947
68.7926	9975
68.9783	10003
69.0339	10031
69.0896	10059
69.173	10087
69.3954	10115
69.5623	10143
69.5995	10171
69.6552	10199
69.7108	10227
69.896	10255
69.9516	10283
70.0072	10310
70.1095	10337
70.332	10364
70.4988	10391
70.5361	10418
70.5917	10445
70.6568	10472
70.833	10499
70.8887	10526
70.9443	10553
71.0461	10580
71.2649	10607
71.2874	10634
71.4543	10661
71.5004	10687
71.5561	10713
71.6305	10739
71.8063	10765
71.8619	10791
71.9176	10817
72.2104	10843
72.2607	536
73.1585	1072
73.8029	1608
74.272	2144
74.4815	2680
74.6315	3216
74.7789	3752
74.918	4288
74.9552	4824
75.0659	5360
75.1866	5896
75.2144	5944
75.2517	5992
75.344	6039
75.3813	6086
75.5114	6133
75.5397	6179
75.5859	6225
75.6599	6271
75.7065	6316
75.8456	6361
75.8828	6406
75.9385	6450
76.0035	6494
76.0497	6538
76.1982	6581
76.2449	6624
76.3005	6667
76.3283	6710
76.3839	6752
76.4395	6794
76.5974	6836
76.653	6878
76.7087	6919
76.7459	6960
76.8015	7001
76.8571	7042
77.0151	7082
77.0707	7122
77.1263	7162
77.1725	7202
77.2375	7241
77.2842	7280
77.4511	7319
77.5067	7358
77.5623	7397
77.6179	7435
77.6735	7473
77.7291	7511
77.9149	7549
77.9705	7587
78.0261	7624
78.0817	7661
78.1373	7698
78.1929	7735
78.2302	7772
78.4254	7808
78.481	7844
78.5366	7880
78.5922	7916
78.6478	7952
78.7034	7988
78.7501	8023
78.9542	8058
79.0098	8093
79.0655	8128
79.1394	8163
79.1861	8198
79.2417	8233
79.2879	8267
79.5109	8301
79.5571	8335
79.6127	8369
79.6867	8403
79.7334	8437
79.789	8471
79.8352	8504
80.054	8537
80.0859	8570
80.1321	8603
80.1877	8636
80.2712	8669
80.3178	8702
80.3735	8735
80.4196	8767
80.6699	8799
80.7166	8831
80.7538	8863
80.8	8895
80.8834	8927
80.9391	8959
80.9947	8991
81.0414	9022
81.2916	9053
81.3378	9084
81.3845	9115
81.4307	9146
81.5141	9177
81.5697	9208
81.6253	9239
81.6904	9270
81.9407	9300
81.9873	9330
82.0335	9360
82.0986	9390
82.1636	9420
82.2193	9450
82.2749	9480
82.3489	9510
82.5583	9540
82.618	9570
82.6736	9600
82.7203	9629
82.7849	9658
82.8405	9687
82.8961	9716
82.9706	9745
83.0351	9774
83.3043	9803
83.3599	9832
83.4155	9861
83.4806	9890
83.5178	9919
83.5645	9947
83.629	9975
83.6941	10003
83.7586	10031
84.0467	10059
84.1023	10087
84.1579	10115
84.2225	10143
84.2597	10171
84.3153	10199
84.3709	10227
84.4454	10255
84.51	10283
84.8164	10310
84.872	10337
84.9276	10364
84.9927	10391
85.0388	10418
85.0945	10445
85.1411	10472
85.2057	10499
85.2707	10526
85.4891	10553
85.6233	10580
85.6789	10607
85.7345	10634
85.7902	10661
85.8458	10687
85.9014	10713
85.9481	10739
86.0126	10765
86.0682	10791
86.4397	10817
86.5042	10843
86.5599	10869
86.6155	10895
86.6711	10921
86.7267	10947
86.7734	10973
86.8012	10999
86.8568	11025
86.9124	11051
87.2928	11076
87.3574	11101
87.413	11126
87.478	11151
87.5337	11176
87.5893	11201
87.636	11226
87.6732	11251
87.7288	11276
87.7844	11301
88.1737	11326
88.2388	11351
88.2944	11376
88.359	11401
88.4146	11426
88.4702	11451
88.5169	11476
88.5725	11501
88.6281	11525
88.6748	11549
88.8932	11573
89.0825	11597
89.1381	11621
89.1937	11645
89.2682	11669
89.3238	11693
89.3794	11717
89.4256	11741
89.4907	11765
89.5463	11789
89.5925	11813
89.9912	11837
90.0468	11861
90.1025	11885
90.1859	11909
90.2415	11933
90.2971	11957
90.3527	11981
90.4178	12004
90.4734	12027
90.529	12050
90.5573	12073
90.9466	12096
91.0023	12119
91.0579	12142
91.1507	12165
91.2064	12188
91.262	12211
91.3176	12234
91.3821	12257
91.4377	12280
91.4934	12303
91.5306	12326
91.9115	12349
91.9671	12372
92.0227	12395
92.125	12418
92.1712	12441
92.2268	12464
92.2825	12487
92.3475	12510
92.4031	12532
92.4677	12554
92.5049	12576
92.7399	12598
92.7965	12620
92.8532	12642
92.957	12664
93.0042	12686
93.0609	12708
93.1175	12730
93.193	12752
93.2497	12774
93.3157	12796
93.3535	12818
93.5629	12840
93.6273	12862
93.7028	12884
93.7783	12906
93.901	12928
93.9671	12950
94.0426	12972
94.2993	12994
95.6759	536
98.6749	1072
98.7358	1340
98.8207	1554
98.8962	1738
98.9812	1903
99.0756	2053
99.1794	2192
99.2738	2323
99.2927	2446
99.3871	2563
99.406	2675
99.5476	2782
99.5854	2885
99.8119	2984
99.8497	3080
Flow 1 (10.1.1.1 -> 10.1.4.1)
  Tx Bytes:   4069284
  Rx Bytes:   3926836
  Throughput: 0.302644 Mbps
Flow 2 (10.1.4.1 -> 10.1.1.1)
  Tx Bytes:   210864
  Rx Bytes:   210812
  Throughput: 0.0162506 Mbps
Flow 3 (10.1.2.1 -> 10.1.5.1)
  Tx Bytes:   1088496
  Rx Bytes:   1057332
  Throughput: 0.0950602 Mbps
Flow 4 (10.1.2.1 -> 10.1.4.1)
  Tx Bytes:   873876
  Rx Bytes:   838596
  Throughput: 0.0752857 Mbps
Flow 5 (10.1.5.1 -> 10.1.2.1)
  Tx Bytes:   51328
  Rx Bytes:   51328
  Throughput: 0.00461596 Mbps
Flow 6 (10.1.4.1 -> 10.1.2.1)
  Tx Bytes:   42436
  Rx Bytes:   42436
  Throughput: 0.00381201 Mbps
