1	536
1.06134	1072
1.1137	1608
1.16605	2144
1.20896	2680
1.22784	3216
1.26131	3752
1.28019	4288
1.29907	4824
1.31795	5360
1.33683	5896
1.35571	6432
1.36896	6968
1.38733	7504
1.4057	8040
1.43118	8576
1.45891	9112
1.48665	9648
1.51438	10184
1.54211	10720
1.56985	11256
1.59758	11792
1.62531	12328
1.65305	12864
1.68078	13400
1.70851	13936
1.73625	14472
1.76398	15008
1.79171	15544
1.81945	16080
1.84718	16616
1.87491	17152
1.90265	17688
1.93038	18224
1.95811	18760
1.98585	19296
2.01358	19832
2.04131	20368
2.06905	20904
2.09678	21440
2.12451	21976
2.15225	22512
2.17998	23048
2.20771	23584
2.23545	24120
2.26318	24656
2.29091	25192
2.31865	25728
2.34638	26264
2.37411	26800
2.40185	27336
2.42958	27872
2.45731	28408
2.48505	28944
2.51278	29480
2.54051	30016
2.56825	30552
2.59598	31088
2.62371	31624
2.65145	32160
2.67918	32696
2.70691	33232
2.73465	33768
2.76238	34304
2.79011	34840
2.81785	35376
2.84558	35912
2.87331	36448
2.90105	36984
2.92878	37520
2.95651	38056
2.98425	38592
3.01198	39128
3.03971	39664
3.06745	40200
3.09518	40736
3.12291	41272
3.15065	41808
3.17838	42344
3.20611	42880
3.23385	43416
3.26158	43952
3.28931	44488
3.31705	45024
3.34478	45560
3.37251	46096
3.40025	46632
3.42798	47168
3.45571	47704
3.48345	48240
3.51118	48776
3.53891	49312
3.56665	49848
3.59438	50384
3.62211	50920
3.64985	51456
3.67758	51992
3.70531	52528
3.73305	53064
3.76078	53600
3.78851	54136
3.81625	54672
3.84398	55208
3.87171	55744
3.89945	56280
3.92718	56816
3.95491	57352
3.98265	57888
4.01038	58424
4.03811	58960
4.06585	59496
4.09358	60032
4.12131	60568
4.14905	61104
4.17678	61640
4.20451	62176
4.23225	62712
4.25998	63248
4.28771	63784
4.31545	64320
4.34318	64856
4.37091	65392
4.39865	65928
4.42638	65932
4.45411	65936
4.48185	65940
4.50958	65944
4.53731	65948
4.56505	65952
4.59278	65956
4.62051	65960
4.64825	65964
4.67598	65968
4.70371	65972
4.73145	65976
4.75918	65980
4.78691	65984
4.81465	65988
4.84238	65992
4.87011	65996
4.89785	66000
4.92558	66004
4.95331	66008
4.98105	66012
5.00878	66016
5.03651	66020
5.06425	66024
5.09198	66028
5.11971	66032
5.14745	66036
5.17518	66040
5.20291	66044
5.23065	66048
5.25838	66052
5.28611	66056
5.31385	66060
5.34158	66064
5.36931	66068
5.39705	66072
5.42478	66076
5.45251	66080
5.48025	66084
5.50798	66088
5.53571	66092
5.56345	66096
5.59118	66100
5.61891	66104
5.64665	66108
5.67438	66112
5.70211	66116
5.72985	66120
5.75758	66124
5.78531	66128
5.81305	66132
5.84078	66136
5.86851	66140
5.89625	66144
5.92398	66148
5.95171	66152
5.97945	66156
6.00718	66160
6.03491	66164
6.06265	66168
6.09038	66172
6.11811	66176
6.14585	66180
6.17358	66184
6.20131	66188
6.22905	66192
6.25678	66196
6.28451	66200
6.31225	66204
6.33998	66208
6.36771	66212
6.39545	66216
6.42318	66220
6.45091	66224
6.47865	66228
6.50638	66232
6.53411	66236
6.56185	66240
6.58958	66244
6.61731	66248
6.64505	66252
6.67278	66256
6.70051	66260
6.72825	66264
6.75598	66268
6.78371	66272
6.81145	66276
6.83918	66280
6.86691	66284
6.89465	66288
6.92238	66292
6.95011	66296
6.97785	66300
7.00558	66304
7.03331	66308
7.06105	66312
7.08878	66316
7.11651	66320
7.14425	66324
7.17198	66328
7.19971	66332
7.22745	66336
7.25518	66340
7.28291	66344
7.31065	66348
7.33838	66352
7.36611	66356
7.39385	66360
7.42158	66364
7.44931	66368
7.47705	66372
7.50478	66376
7.53251	66380
7.56025	66384
7.58798	66388
7.61571	66392
7.64345	66396
7.67118	66400
7.69891	66404
7.72665	66408
7.75438	66412
7.78211	66416
7.80985	66420
7.83758	66424
7.86531	66428
7.89305	66432
7.92078	66436
7.94851	66440
7.97625	66444
8.00398	66448
8.03171	66452
8.05945	66456
8.08718	66460
8.11491	66464
8.14265	66468
8.17038	66472
8.19811	66476
8.22585	66480
8.25358	66484
8.28131	66488
8.30905	66492
8.33678	66496
8.36451	66500
8.39225	66504
8.41998	66508
8.44771	66512
8.47545	66516
8.50318	66520
8.53091	66524
8.55865	66528
8.58638	66532
8.61411	66536
8.64185	66540
8.66958	66544
8.69731	66548
8.72505	66552
8.75278	66556
8.78051	66560
8.80825	66564
8.83598	66568
8.86371	66572
8.89145	66576
8.91918	66580
8.94691	66584
8.97465	66588
9.00238	66592
9.03011	66596
9.05785	66600
9.08558	66604
9.11331	66608
9.14105	66612
9.16878	66616
9.19651	66620
9.22425	66624
9.25198	66628
9.27971	66632
9.30745	66636
9.33518	66640
9.36291	66644
9.39065	66648
9.41838	66652
9.44611	66656
9.47385	66660
9.50158	66664
9.52931	66668
9.55705	66672
9.58478	66676
9.61251	66680
9.64025	66684
9.66798	66688
9.69571	66692
9.72345	66696
9.75118	66700
9.77891	66704
9.80665	66708
9.83438	66712
9.86211	66716
9.88985	66720
9.91758	66724
9.94531	66728
9.97305	66732
10.0008	66736
10.0285	66740
10.0562	66744
10.084	66748
10.1117	66752
10.1394	66756
10.1672	66760
10.1949	66764
10.2226	66768
10.2504	66772
10.2781	66776
10.3058	66780
10.3336	66784
10.3613	66788
10.389	66792
10.4168	66796
10.4445	66800
10.4722	66804
10.5	66808
10.5277	66812
10.5554	66816
10.5832	66820
10.6109	66824
10.6386	66828
10.6664	66832
10.6941	66836
10.7218	66840
10.7496	66844
10.7773	66848
10.805	66852
10.8328	66856
10.8605	66860
10.8882	66864
10.916	66868
10.9437	66872
10.9714	66876
10.9992	66880
11.0269	66884
11.0546	66888
11.0824	66892
11.1101	66896
11.1378	66900
11.1656	66904
11.1933	66908
11.221	66912
11.2488	66916
11.2765	66920
11.3042	66924
11.332	66928
11.3597	66932
11.3874	66936
11.4152	66940
11.4429	66944
11.4706	66948
11.4984	66952
11.5261	66956
11.5538	66960
11.5816	66964
11.6093	66968
11.637	66972
11.6648	66976
11.6925	66980
11.7202	66984
11.748	66988
11.7757	66992
11.8034	66996
11.8312	67000
11.8589	67004
11.8866	67008
11.9144	67012
11.9421	67016
11.9698	67020
11.9976	67024
12.0253	67028
12.053	67032
12.0808	67036
12.1085	67040
12.1362	67044
12.164	67048
12.1917	67052
12.2194	67056
12.2472	67060
12.2749	67064
12.3026	67068
12.3304	67072
12.3581	67076
12.3858	67080
12.4136	67084
12.4413	67088
12.469	67092
12.4968	67096
12.5245	67100
12.5522	67104
12.58	67108
12.6077	67112
12.6354	67116
12.6632	67120
12.6909	67124
12.7186	67128
12.7464	67132
12.7741	67136
12.8018	67140
12.8296	67144
12.8573	67148
12.885	67152
12.9128	67156
12.9405	67160
12.9682	67164
12.996	67168
13.0237	67172
13.0514	67176
13.0792	67180
13.1069	67184
13.1346	67188
13.1624	67192
13.1901	67196
13.2178	67200
13.2456	67204
13.2733	67208
13.301	67212
13.3288	67216
13.3565	67220
13.3842	67224
13.412	67228
13.4397	67232
13.4674	67236
13.4952	67240
13.5229	67244
13.5506	67248
13.5784	67252
13.6061	67256
13.6338	67260
13.6616	67264
13.6893	67268
13.717	67272
13.7448	67276
13.7725	67280
13.8002	67284
13.828	67288
13.8557	67292
13.8834	67296
13.9112	67300
13.9389	67304
13.9666	67308
13.9944	67312
14.0221	67316
14.0498	67320
14.0776	67324
14.1053	67328
14.133	67332
14.1608	67336
14.1885	67340
14.2162	67344
14.244	67348
14.2717	67352
14.2994	67356
14.3272	67360
14.3549	67364
14.3826	67368
14.4104	67372
14.4381	67376
14.4658	67380
14.4936	67384
14.5213	67388
14.549	67392
14.5768	67396
14.6045	67400
14.6322	67404
14.66	67408
14.6877	67412
14.7154	67416
14.7432	67420
14.7709	67424
14.7986	67428
14.8264	67432
14.8541	67436
14.8818	67440
14.9096	67444
14.9373	67448
14.965	67452
14.9928	67456
15.0205	67460
15.0482	67464
15.0778	67468
15.1056	67472
15.1523	67476
15.1801	67480
15.2173	67484
15.264	67488
15.2918	67492
15.3385	67496
15.3663	67500
15.4036	67504
15.4314	67508
15.4781	67512
15.5248	67516
15.562	67520
15.6087	67524
15.6365	67528
15.6832	67532
15.7204	67536
15.7671	67540
15.8138	67544
15.8511	67548
15.8977	67552
15.9256	67556
15.9722	67560
16.0189	67564
16.0562	67568
16.0934	67572
16.1307	67576
16.1679	67580
16.2052	67584
16.2519	67588
16.2985	67592
16.3358	67596
16.373	67600
16.4197	67604
16.457	67608
16.4942	67612
16.5409	67616
16.5876	67620
16.6249	67624
16.6715	67628
16.7088	67632
16.746	67636
16.7833	67640
16.83	67644
16.8767	67648
16.9233	67652
16.9606	67656
17.0073	67660
17.054	67664
17.0912	67668
17.1379	67672
17.1752	67676
17.2124	67680
17.2591	67684
17.3058	67688
17.343	67692
17.3803	67696
17.427	67700
17.4737	67704
17.5109	67708
17.5576	67712
17.5948	67716
17.6321	67720
17.6693	67724
17.716	67728
17.7627	67732
17.8094	67736
17.8466	67740
17.8745	67744
17.9211	67748
17.9678	67752
18.1656	23180
18.2023	23716
18.3066	24252
18.335	24788
18.3717	25324
18.4278	25860
18.4378	26396
18.4467	26932
18.475	27468
18.484	28004
18.5028	28540
18.5118	29076
18.5306	29612
18.5396	30148
18.549	30684
18.5674	31220
18.5863	31756
18.5952	32292
18.6141	32828
18.623	33364
18.7641	33900
18.783	34436
18.7919	34972
18.8108	35508
18.8197	36044
18.8386	36580
18.8475	37116
18.8569	37652
18.8659	38188
18.8942	38724
18.9031	39260
18.9126	39796
18.9309	40332
18.9498	40868
18.9587	41404
18.9776	41940
19.0059	42476
19.1381	21572
19.1381	21585
20.4468	536
20.4992	1072
20.5515	1608
20.5704	2144
20.6176	2680
20.6271	3216
20.6554	3752
20.6648	4288
20.712	4824
20.7215	5360
20.7309	5896
20.7403	6432
20.7687	6968
20.7781	7504
20.7875	8040
20.797	8576
20.8442	9112
20.8631	9648
20.8725	10184
20.8819	10720
20.8914	11256
20.9008	11792
20.9197	12328
20.9386	12864
20.9575	13400
20.9669	13936
20.9763	14472
20.9858	15008
21.0047	15544
21.0235	16080
21.0424	16616
21.0613	17152
21.1085	10968
21.1179	11504
21.1274	12040
21.1368	12576
21.1463	13112
21.1557	13648
21.1746	14184
21.1935	14720
21.2029	15256
21.2123	15792
21.2218	16328
21.2312	9360
21.2312	9390
21.2407	9420
21.2595	9450
21.2784	9480
21.2879	9510
21.2973	9540
21.3067	9570
21.3162	9600
21.3351	9629
21.3539	9658
21.3917	6204
21.4106	6740
21.42	7276
21.4295	7812
21.4389	8348
21.4483	8884
21.4578	9420
21.4672	9956
21.4861	10492
21.505	11028
21.5144	11564
21.5239	12100
21.5333	4596
21.5333	4658
21.5427	4719
21.5616	4779
21.5899	4839
21.6277	4898
21.6843	4956
21.7032	5013
21.7221	5070
21.7599	5126
21.7787	5182
21.8165	5237
21.8543	5291
21.9298	5345
21.9487	5398
21.9864	5451
22.0242	5503
22.0997	5555
22.1375	5606
22.1563	5657
22.1941	5707
22.2319	5757
22.3074	5806
22.3451	5855
22.364	5904
22.4018	5952
22.4395	6000
22.5151	6047
22.5623	6094
22.5811	6141
22.6189	6187
22.6661	6233
22.7416	6279
22.7794	6324
22.7983	6369
22.836	6414
22.8927	6458
22.9682	6502
23.0059	6546
23.0248	6589
23.0626	6632
23.1192	6675
23.1475	6718
23.2325	6760
23.2703	6802
23.2891	6844
23.3269	6885
23.3835	6926
23.4024	6967
23.4968	7008
23.5346	7048
23.5535	7088
23.5912	7128
23.6479	7168
23.6667	7208
23.7706	7247
23.8083	7286
23.8272	7325
23.8744	7364
23.9311	7403
23.9499	7441
24.0443	7479
24.0821	7517
24.101	7555
24.1576	7593
24.2143	7630
24.2331	7667
24.3275	7704
24.3653	7741
24.3842	7778
24.4031	7814
24.4597	7850
24.5258	7886
24.5447	7922
24.6485	7958
24.6863	7994
24.7051	8029
24.724	8064
24.7807	8099
24.8373	8134
24.8562	8169
24.96	8204
24.9978	8239
25.0167	8273
25.0355	8307
25.0922	8341
25.1583	8375
25.1771	8409
25.2904	8443
25.3282	8477
25.3471	8510
25.3659	8543
25.4226	8576
25.4981	8609
25.517	8642
25.6397	8675
25.6775	8708
25.6963	8740
25.7152	8772
25.7719	8804
25.7907	8836
25.8663	8868
25.8851	8900
26.0079	8932
26.0551	8964
26.0739	8996
26.0928	9027
26.1495	9058
26.1683	9089
26.2533	9120
26.2722	9151
26.3855	9182
26.4232	9213
26.4421	9244
26.461	9275
26.5176	9305
26.5365	9335
26.6215	9365
26.6403	9395
26.7631	9425
26.8008	9455
26.8197	9485
26.8386	9515
26.9047	9545
26.9235	9575
27.0179	9605
27.0368	9634
27.1501	9663
27.1879	9692
27.2067	9721
27.2256	9750
27.3011	9779
27.32	9808
27.4144	9837
27.4427	9866
27.556	9895
27.5843	9924
27.6221	9952
27.641	9980
27.6599	10008
27.7448	10036
27.7637	10064
27.8581	10092
27.877	10120
27.9903	10148
28.028	10176
28.0658	10204
28.0847	10232
28.1035	10260
28.1791	10288
28.1979	10315
28.2923	10342
28.3112	10369
28.4245	10396
28.4623	10423
28.5095	10450
28.5283	10477
28.5567	10504
28.6322	10531
28.6511	10558
28.7549	10585
28.7738	10612
28.8871	10639
28.9248	10666
28.9626	10692
28.9815	10718
29.0003	10744
29.0759	10770
29.0947	10796
29.208	10822
29.2363	10848
29.3496	10874
29.3874	10900
29.4251	10926
29.444	10952
29.4629	10978
29.4818	11004
29.5573	11030
29.5762	11056
29.6989	11081
29.7272	11106
29.8405	11131
29.8783	11156
29.916	11181
29.9349	11206
29.9538	11231
29.9727	11256
30.0482	11281
30.0671	11306
30.1898	11331
30.2087	11356
30.3219	11381
30.3597	11406
30.3975	11431
30.4163	11456
30.4447	11481
30.4635	11506
30.5391	11530
30.5579	11554
30.6901	11578
30.7184	11602
30.8317	11626
30.8695	11650
30.9072	11674
30.9261	11698
30.945	11722
30.9639	11746
31.0394	11770
31.0583	11794
31.1999	11818
31.2376	11842
31.3509	11866
31.3887	11890
31.4264	11914
31.4453	11938
31.4642	11962
31.4831	11986
31.5586	12009
31.5775	12032
31.5963	12055
31.7379	12078
31.7757	12101
31.8984	12124
31.9362	12147
31.9739	12170
31.9928	12193
32.0117	12216
32.0306	12239
32.1061	12262
32.125	12285
32.1439	12308
32.2855	12331
32.3232	12354
32.4365	12377
32.4743	12400
32.512	12423
32.5403	12446
32.5592	12469
32.5781	12492
32.6536	12514
32.6725	12536
32.6914	12558
32.833	12580
32.8707	12602
32.9935	12624
33.0407	12646
33.0784	12668
33.0973	12690
33.1162	12712
33.1351	12734
33.2106	12756
33.2295	12778
33.2483	12800
33.3899	12822
33.4277	12844
33.5599	12866
33.6165	12888
33.6543	12910
33.6731	12932
33.692	12954
33.7109	12976
33.7864	12998
33.8053	13020
33.8242	13042
33.9563	13064
33.9941	13085
34.1263	13106
34.1546	13127
34.2112	13148
34.249	13169
34.2679	13190
34.2867	13211
34.3056	13232
34.3906	13253
34.4095	13274
34.4283	13295
34.5699	13316
34.6077	13337
34.7399	13358
34.7587	13379
34.8154	13400
34.8531	13421
34.872	13442
34.8909	13463
34.9098	13484
34.9853	13505
35.0042	13526
35.0325	13547
35.1647	13568
35.2024	13589
35.3346	13610
35.3535	13631
35.4195	13652
35.4667	13673
35.4856	13694
35.5045	13714
35.5234	13734
35.6083	13754
35.6272	13774
35.665	13794
35.7971	13814
35.8349	13834
35.9671	13854
35.9859	13874
36.0426	13894
36.0803	13914
36.0992	13934
36.1181	13954
36.137	13974
36.2314	13994
36.2503	14014
36.288	14034
36.4202	14054
36.4579	14074
36.5901	14094
36.609	14114
36.6656	14134
36.7128	14154
36.7317	14174
36.7506	14194
36.7695	14214
36.7883	14234
36.8922	14254
36.9111	14274
36.9488	14294
37.081	14314
37.1187	14334
37.2509	14354
37.2698	14374
37.3264	14393
37.3831	14412
37.4019	14431
37.4208	14450
37.4397	14469
37.4586	14488
37.553	14507
37.5719	14526
37.6096	14545
37.7418	14564
37.7795	14583
37.9117	14602
37.9306	14621
37.9872	14640
38.0533	14659
38.0722	14678
38.0911	14697
38.1099	14716
38.1288	14735
38.2232	14754
38.2421	14773
38.2893	14792
38.4309	14811
38.4687	14830
38.6008	14849
38.6197	14868
38.6763	14887
38.733	14906
38.7519	14925
38.7707	14944
38.7896	14963
38.8085	14982
38.9029	15001
38.9218	15020
38.9595	15039
39.1106	15058
39.1483	15077
39.2805	15096
39.2994	15115
39.356	15134
39.4127	15152
39.4315	15170
39.4504	15188
39.4693	15206
39.4882	15224
39.5826	15242
39.6015	15260
39.6298	15278
39.6675	15296
39.828	15314
39.8752	15332
40.0074	15350
40.0263	15368
40.0829	15386
40.1395	15404
40.1584	15422
40.1773	15440
40.1962	15458
40.2151	15476
40.3095	15494
40.3283	15512
40.3472	15530
40.385	15548
40.536	15566
40.5927	15584
40.7248	15602
40.7437	15620
40.8003	15638
40.8664	15656
40.8853	15674
40.9042	15692
40.9231	15710
40.9419	15728
41.0363	15746
41.0552	15764
41.0741	15782
41.1119	15800
41.2723	15818
41.3384	15836
41.4706	15854
41.4895	15872
41.5461	15890
41.6027	15908
41.6216	15926
41.6405	15944
41.6594	15962
41.6783	15979
41.7727	15996
41.7915	16013
41.8104	16030
41.8482	16047
42.0181	16064
42.0747	16081
42.2069	16098
42.2258	16115
42.2824	16132
42.3391	16149
42.3579	16166
42.3768	16183
42.3957	16200
42.4146	16217
42.509	16234
42.5279	16251
42.5562	16268
42.5939	16285
42.7639	16302
42.8299	16319
42.8488	16336
42.9904	16353
43.0093	16370
43.0659	16387
43.1226	16404
43.1415	16421
43.1603	16438
43.1792	16455
43.1981	16472
43.2925	16489
43.3114	16506
43.3303	16523
43.368	16540
43.5379	16557
43.5946	16574
43.6135	16591
43.7645	16608
43.7834	16625
43.84	16642
43.9061	16659
43.925	16676
43.9439	16693
43.9627	16710
43.9816	16727
44.076	16744
44.0949	16761
44.1138	16778
44.1515	16795
44.3309	16812
44.3875	16829
44.4064	16846
44.5669	16863
44.5858	16880
44.6424	16897
44.6991	16914
44.7179	16930
44.7368	16946
44.7557	16962
44.7746	16978
44.869	16994
44.8879	17010
44.9067	17026
44.9445	17042
45.1333	17058
45.1899	17074
45.2088	17090
45.3599	17106
45.3787	17122
45.4354	17138
45.492	17154
45.5109	17170
45.5298	17186
45.5487	17202
45.5675	17218
45.6619	17234
45.6808	17250
45.7091	17266
45.7469	17282
45.9357	17298
45.9923	17314
46.0112	17330
46.1623	17346
46.2	17362
46.2567	17378
46.3133	17394
46.3322	17410
46.3511	17426
46.3699	17442
46.3888	17458
46.4077	17474
46.5021	17490
46.521	17506
46.5399	17522
46.5776	17538
46.7664	17554
46.8231	17570
46.8419	17586
46.993	17602
47.0307	17618
47.0874	17634
47.1535	17650
47.1723	17666
47.1912	17682
47.2101	17698
47.229	17714
47.2479	17730
47.3423	17746
47.3611	17762
47.38	17778
47.4178	17794
47.6066	17810
47.6632	17826
47.6821	17842
47.8331	17858
47.8709	17874
47.937	17890
47.9936	17906
48.0125	17922
48.0314	17938
48.0503	17954
48.0691	17970
48.088	17985
48.1919	18000
48.2107	18015
48.2296	18030
48.2674	18045
48.4562	18060
48.5128	18075
48.5317	18090
48.6827	18105
48.7205	18120
48.7866	18135
48.8432	18150
48.8621	18165
48.881	18180
48.8999	18195
48.9187	18210
48.9376	18225
49.0415	18240
49.0603	18255
49.0792	18270
49.117	18285
49.3058	18300
49.3624	18315
49.3813	18330
49.5323	18345
49.5701	18360
49.6362	18375
49.7117	18390
49.7306	18405
49.7495	18420
49.7683	18435
49.7872	18450
49.8061	18465
49.825	18480
49.9288	18495
49.9477	18510
49.9666	18525
50.0043	18540
50.1931	18555
50.2498	18570
50.2687	18585
50.4197	18600
50.4575	18615
50.533	18630
50.6085	18645
50.6274	18660
50.6463	18675
50.6651	18690
50.684	18705
50.7029	18720
50.7218	18735
50.8162	18750
50.8351	18765
50.8539	18780
50.8917	18795
51.0805	18810
51.1371	18825
51.156	18840
51.3071	18855
51.3448	18870
51.4298	18885
51.5147	18900
51.5336	18915
51.5525	18930
51.5714	18945
51.5903	18960
51.6091	18975
51.628	18990
51.7319	19005
51.7507	19020
51.7696	19035
51.8074	19050
51.9962	19065
52.0528	19080
52.0717	19095
52.2227	19110
52.2605	19125
52.336	19140
52.4115	19155
52.4304	19169
52.4493	19183
52.4682	19197
52.4871	19211
52.5059	19225
52.5248	19239
52.6475	19253
52.6664	19267
52.6853	19281
52.7231	19295
52.9119	19309
52.9685	19323
52.9874	19337
53.1384	19351
53.1762	19365
53.2517	19379
53.3272	19393
53.3461	19407
53.365	19421
53.3839	19435
53.4027	19449
53.4216	19463
53.4405	19477
53.5538	19491
53.5727	19505
53.5915	19519
53.6387	19533
53.8275	19547
53.8559	19561
53.9125	19575
53.9314	19589
54.0824	19603
54.1202	19617
54.1957	19631
54.2712	19645
54.2901	19659
54.309	19673
54.3279	19687
54.3467	19701
54.3656	19715
54.3845	19729
54.5072	19743
54.5261	19757
54.545	19771
54.5827	19785
54.7715	19799
54.7904	19813
54.8471	19827
54.8659	19841
55.017	19855
55.0547	19869
55.1397	19883
55.2152	19897
55.2341	19911
55.253	19925
55.2719	19939
55.2907	19953
55.3096	19967
55.3285	19981
55.4607	19995
55.4795	20009
55.4984	20023
55.5362	20037
55.7439	20051
55.7627	20065
55.8194	20079
55.8383	20093
55.9893	20107
56.0271	20121
56.1026	20135
56.1781	20149
56.197	20163
56.2159	20177
56.2347	20191
56.2536	20205
56.2725	20219
56.2914	20233
56.4235	20247
56.4424	20261
56.4613	20275
56.4991	20289
56.7067	20303
56.7256	20317
56.7823	20331
56.8011	20345
56.9522	20359
56.9899	20373
57.0655	20387
57.141	20401
57.1599	20415
57.1787	20429
57.1976	20443
57.2165	20457
57.2354	20471
57.2543	20485
57.3864	20499
57.4053	20513
57.4242	20527
57.4619	20540
57.6696	20553
57.6979	20566
57.7546	20579
57.7735	20592
57.9245	20605
57.9717	20618
57.9906	20631
58.0567	20644
58.1322	20657
58.1511	20670
58.1699	20683
58.1888	20696
58.2077	20709
58.2266	20722
58.2455	20735
58.3776	20748
58.3965	20761
58.4154	20774
58.4531	20787
58.6514	20800
58.6891	20813
58.7458	20826
58.7647	20839
58.9157	20852
58.9535	20865
58.9723	20878
59.0195	20891
59.0573	20904
59.0762	20917
59.0951	20930
59.1139	20943
59.1328	20956
59.1517	20969
59.1706	20982
59.2839	20995
59.3027	21008
59.3216	21021
59.3405	21034
59.5387	21047
59.5576	21060
59.5765	21073
59.5954	21086
59.652	21099
59.6709	21112
59.6898	21125
59.7275	21138
59.7653	21151
59.7842	21164
59.8031	21177
59.8219	21190
59.8408	21203
59.8597	21216
59.8786	21229
59.9919	21242
60.0107	21255
60.0296	21268
60.0485	21281
60.2562	21294
60.2751	21307
60.2939	21320
60.3128	21333
60.3695	21346
60.3883	21359
60.4072	21372
60.4544	21385
60.4922	21398
60.5111	21411
60.5299	21424
60.5488	21437
60.5677	21450
60.5866	21463
60.6055	21476
60.7187	21489
60.7376	21502
60.7565	21515
60.7754	21528
60.9831	21541
61.0114	21554
61.0303	21567
61.0491	21580
61.1058	21593
61.1247	21606
61.1435	21619
61.1907	21632
61.2285	21645
61.2474	21658
61.2663	21671
61.2851	21684
61.304	21697
61.3229	21710
61.3418	21723
61.3607	21736
61.4834	21749
61.5117	21762
61.5306	21775
61.5495	21788
61.7571	21801
61.776	21814
61.7949	21827
61.8138	21840
61.8704	21853
61.8893	21866
61.9082	21879
61.9554	21892
61.9931	21905
62.012	21918
62.0309	21931
62.0498	21944
62.0687	21957
62.0875	21970
62.1064	21983
62.1253	21996
62.2763	22009
62.3047	22022
62.3235	22035
62.3424	22048
62.5501	22061
62.569	22074
62.5879	22087
62.6067	22100
62.6728	22112
62.6917	22124
62.7106	22136
62.7578	22148
62.7955	22160
62.8144	22172
62.8333	22184
62.8522	22196
62.8711	22208
62.8899	22220
62.9088	22232
62.9277	22244
63.0976	22256
63.1354	22268
63.1543	22280
63.1731	22292
63.3826	22304
63.4091	22316
63.428	22328
63.4469	22340
63.4658	22352
63.5413	22364
63.5602	22376
63.5791	22388
63.6263	22400
63.664	22412
63.6829	22424
63.7018	22436
63.7207	22448
63.7395	22460
63.7584	22472
63.7773	22484
63.7962	22496
63.985	22508
64.0416	22520
64.0699	22532
64.0888	22544
64.3154	22556
64.3343	22568
64.3531	22580
64.372	22592
64.4475	22604
64.4664	22616
64.4853	22628
64.5231	22640
64.5608	22652
64.5797	22664
64.5986	22676
64.6175	22688
64.6363	22700
64.6552	22712
64.6741	22724
64.693	22736
64.8912	22748
64.9479	22760
64.9762	22772
65.0045	22784
65.0234	22796
65.2499	22808
65.2688	22820
65.2877	22832
65.3066	22844
65.3821	22856
65.401	22868
65.4199	22880
65.4576	22892
65.4954	22904
65.5143	22916
65.5331	22928
65.552	22940
65.5709	22952
65.5898	22964
65.6087	22976
65.6275	22988
65.8258	23000
65.8824	23012
65.9202	23024
65.9391	23036
65.9579	23048
66.1845	23060
66.2034	23072
66.2223	23084
66.2411	23096
66.3167	23108
66.3355	23120
66.3544	23132
66.3922	23144
66.4299	23156
66.4488	23168
66.4677	23180
66.4866	23192
66.5055	23204
66.5243	23216
66.5432	23228
66.5621	23240
66.7509	23252
66.8075	23264
66.8547	23276
66.8736	23288
66.8925	23300
67.1114	23312
67.1379	23324
67.1568	23336
67.1757	23348
67.1946	23360
67.2701	23372
67.289	23384
67.3079	23396
67.3456	23408
67.3834	23420
67.4023	23432
67.4211	23444
67.44	23456
67.4589	23468
67.4778	23480
67.4967	23492
67.5155	23504
67.7043	23516
67.761	23528
67.8176	23540
67.8365	23552
67.8554	23564
68.0914	23576
68.1103	23588
68.1291	23600
68.1575	23612
68.233	23624
68.2519	23636
68.2707	23648
68.3085	23660
68.3463	23672
68.3651	23684
68.384	23696
68.4029	23708
68.4218	23720
68.4407	23732
68.4595	23744
68.4784	23756
68.6672	23768
68.7239	23780
68.7805	23792
68.7994	23804
68.8183	23816
69.0277	23828
69.0637	23840
69.0826	23852
69.1015	23864
69.1298	23876
69.2053	23888
69.2242	23900
69.2431	23912
69.2808	23924
69.3186	23936
69.3375	23948
69.3563	23959
69.3752	23970
69.3941	23981
69.413	23992
69.4319	24003
69.4507	24014
69.6395	24025
69.6962	24036
69.7528	24047
69.7717	24058
69.7906	24069
69.9983	24080
70.0549	24091
70.0738	24102
70.0927	24113
70.1115	24124
70.1871	24135
70.2059	24146
70.2248	24157
70.2626	24168
70.3003	24179
70.3192	24190
70.3381	24201
70.357	24212
70.3759	24223
70.3947	24234
70.4136	24245
70.4325	24256
70.6213	24267
70.6779	24278
70.7346	24289
70.7535	24300
70.7723	24311
70.9895	24322
71.0367	24333
71.0555	24344
71.0839	24355
71.1027	24366
71.1594	24377
71.1783	24388
71.1971	24399
71.2349	24410
71.2727	24421
71.2915	24432
71.3104	24443
71.3293	24454
71.3482	24465
71.3671	24476
71.3859	24487
71.4048	24498
71.5936	24509
71.6503	24520
71.7069	24531
71.7258	24542
71.7447	24553
71.9541	24564
71.9807	24575
72.009	24586
72.0279	24597
72.0467	24608
72.0656	24619
72.0845	24630
72.1034	24641
72.1223	24652
72.1695	24663
72.1883	24674
72.2072	24685
72.2261	24696
72.245	24707
72.2639	24718
72.2827	24729
72.3016	24740
72.3205	24751
72.4715	24762
72.4904	24773
72.5093	24784
72.5282	24795
72.5471	24806
72.6037	24817
72.6415	24828
72.6603	24839
72.6792	24850
72.7075	24861
72.7264	24872
72.7453	24883
72.7642	24894
72.8019	24905
72.8208	24916
72.8397	24927
72.8586	24938
72.8775	24949
72.8963	24960
72.9152	24971
72.9341	24982
72.953	24993
72.9813	25004
73.1229	25015
73.1418	25026
73.1607	25037
73.1795	25048
73.1984	25059
73.2551	25070
73.3117	25081
73.3495	25092
73.3683	25103
73.4061	25114
73.425	25125
73.4439	25136
73.4627	25147
73.5005	25158
73.5194	25169
73.5383	25180
73.5571	25191
73.576	25202
73.5949	25213
73.6138	25224
73.6327	25235
73.6515	25246
73.6704	25257
73.8309	25268
73.8498	25279
73.8687	25290
73.8875	25301
73.9064	25312
73.9631	25323
74.0103	25334
74.0575	25345
74.0763	25356
74.1141	25367
74.133	25378
74.1519	25389
74.1707	25400
74.2085	25411
74.2274	25422
74.2463	25433
74.2651	25444
74.284	25455
74.3029	25466
74.3218	25477
74.3407	25488
74.3595	25499
74.3784	25510
74.5295	25521
74.5483	25532
74.5672	25543
74.5861	25554
74.605	25565
74.6616	25576
74.7088	25587
74.7749	25598
74.8032	25609
74.841	25620
74.8599	25631
74.8787	25642
74.8976	25653
74.9354	25664
74.9543	25675
74.9731	25686
74.992	25697
75.0109	25708
75.0298	25719
75.0487	25730
75.0675	25741
75.0864	25752
75.1053	25763
75.2658	25774
75.2941	25785
75.313	25796
75.3319	25807
75.3507	25818
75.4074	25829
75.4546	25840
75.5301	25851
75.5773	25862
75.6151	25873
75.6339	25884
75.6528	25895
75.6717	25906
75.7095	25917
75.7283	25928
75.7472	25939
75.7755	25950
75.8039	25961
75.8227	25972
75.8416	25983
75.8605	25994
75.8794	26005
75.8983	26016
75.9171	26027
76.0682	26038
76.1059	26049
76.1248	26060
76.1437	26071
76.1626	26082
76.2192	26093
76.2664	26104
76.3608	26115
76.4269	26126
76.4835	26136
76.5024	26146
76.5213	26156
76.5402	26166
76.5779	26176
76.5968	26186
76.6157	26196
76.6346	26206
76.6818	26216
76.7007	26226
76.7195	26236
76.7384	26246
76.7573	26256
76.7762	26266
76.7951	26276
76.9555	26286
76.9933	26296
77.0122	26306
77.0311	26316
77.0499	26326
77.1066	26336
77.1538	26346
77.2482	26356
77.3237	26366
77.3803	26376
77.3992	26386
77.4181	26396
77.437	26406
77.4747	26416
77.4936	26426
77.5125	26436
77.5314	26446
77.5691	26456
77.588	26466
77.6069	26476
77.6258	26486
77.6447	26496
77.6635	26506
77.6824	26516
77.8429	26526
77.8807	26536
77.8995	26546
77.9184	26556
77.9373	26566
77.9939	26576
78.0317	26586
78.1261	26596
78.2111	26606
78.2677	26616
78.2866	26626
78.3055	26636
78.3243	26646
78.3621	26656
78.381	26666
78.3999	26676
78.4187	26686
78.4565	26696
78.4754	26706
78.4943	26716
78.5131	26726
78.532	26736
78.5509	26746
78.5698	26756
78.7303	26766
78.7775	26776
78.7963	26786
78.8152	26796
78.8341	26806
78.8907	26816
78.9379	26826
79.0418	26836
79.1173	26846
79.1739	26856
79.1928	26866
79.2117	26876
79.2306	26886
79.2683	26896
79.2872	26906
79.3061	26916
79.325	26926
79.3627	26936
79.3816	26946
79.4005	26956
79.4194	26966
79.4383	26976
79.4571	26986
79.4855	26996
79.6365	27006
79.6743	27016
79.6931	27026
79.712	27036
79.7309	27046
79.7592	27056
79.8159	27066
79.8536	27076
79.9669	27086
80.0519	27096
80.1085	27106
80.1274	27116
80.1463	27126
80.1651	27136
80.2029	27146
80.2218	27156
80.2407	27166
80.2595	27176
80.2973	27186
80.3162	27196
80.3351	27206
80.3539	27216
80.3728	27226
80.3917	27236
80.4106	27246
80.5711	27256
80.6088	27266
80.6277	27276
80.6466	27286
80.6655	27296
80.6843	27306
80.741	27316
80.7787	27326
80.9015	27336
80.9864	27346
81.0431	27356
81.0619	27366
81.0808	27376
81.0997	27386
81.1375	27396
81.1563	27406
81.1752	27416
81.1941	27426
81.2319	27436
81.2507	27446
81.2696	27456
81.2885	27466
81.3074	27476
81.3357	27486
81.3546	27496
81.5151	27506
81.5528	27516
81.5717	27526
81.5906	27536
81.6095	27546
81.6283	27556
81.685	27566
81.7227	27576
81.836	27586
81.921	27596
81.9776	27606
81.9965	27616
82.0154	27626
82.0343	27636
82.072	27646
82.0909	27656
82.1098	27666
82.1287	27676
82.1664	27686
82.1853	27696
82.2042	27706
82.2231	27716
82.2419	27726
82.2797	27736
82.2986	27746
82.4685	27756
82.5063	27766
82.5251	27776
82.544	27786
82.5629	27796
82.5912	27806
82.6479	27816
82.6856	27826
82.8083	27836
82.8839	27846
82.9405	27856
82.9594	27866
82.9783	27876
82.9971	27886
83.0349	27896
83.0538	27906
83.0727	27916
83.0915	27926
83.1293	27936
83.1482	27946
83.1671	27956
83.1859	27966
83.2048	27976
83.2426	27986
83.2615	27996
83.4314	28006
83.4691	28016
83.488	28026
83.5069	28036
83.5258	28046
83.5541	28056
83.6107	28066
83.6485	28076
83.7807	28086
83.8562	28096
83.9128	28106
83.9317	28116
83.9506	28126
83.9695	28136
83.9883	28146
84.0261	28156
84.045	28166
84.0639	28176
84.0827	28186
84.1205	28196
84.1394	28206
84.1583	28216
84.1771	28226
84.196	28236
84.2338	28246
84.2527	28256
84.4226	28266
84.4698	28276
84.4981	15544
84.5075	16080
84.517	16616
84.5264	17152
84.5359	17688
84.5831	18224
84.5925	18760
84.6208	19296
84.6303	19832
84.7624	20368
84.7719	20904
84.8379	21440
84.8474	21976
84.8946	22512
84.904	23048
84.9135	23584
84.9229	24120
84.9323	24656
84.9418	25192
84.9512	25728
84.9607	26264
84.9701	26800
84.9795	27336
85.0079	27872
85.0173	28408
85.0267	28944
85.0362	29480
85.0456	30016
85.0551	30552
85.0645	31088
85.0739	31624
85.1023	32160
85.1117	32696
85.1211	33232
85.1306	33768
85.14	34304
85.1495	34840
85.1589	35376
85.1683	35912
85.1778	36448
85.1872	36984
85.2155	37520
85.225	38056
85.2344	38592
85.2439	39128
85.4043	39664
85.4138	40200
85.4421	40736
85.4515	13936
85.4515	13956
85.7631	13976
85.7819	13996
85.8008	14016
85.8291	14036
85.848	14056
85.8669	14076
85.8858	14096
85.9047	14116
85.9424	14136
85.9613	14156
86.1312	14176
86.169	14196
86.1879	14216
86.3011	14236
86.32	14256
86.3389	14276
86.3578	14296
86.3767	14316
86.3955	14336
86.4144	14356
86.4333	14376
86.4711	14395
86.4899	14414
86.6599	14433
86.6976	14452
86.7165	14471
86.8487	14490
86.8675	14509
86.8864	14528
86.9053	14547
86.9242	14566
86.9431	14585
86.9619	14604
86.9808	14623
87.0186	14642
87.0375	14661
87.2074	14680
87.2451	14699
87.264	14718
87.4151	14737
87.4339	14756
87.4528	14775
87.4717	14794
87.4906	14813
87.5095	14832
87.5283	14851
87.5472	14870
87.585	14889
87.6039	14908
87.7738	14927
87.8115	14946
87.8304	14965
87.972	14984
87.9909	15003
88.0098	15022
88.0287	15041
88.0475	15060
88.0664	15079
88.0853	15098
88.1042	15117
88.1608	15136
88.1797	15154
88.3496	15172
88.3874	15190
88.4063	15208
88.5479	15226
88.5667	15244
88.5856	15262
88.6045	15280
88.6234	15298
88.6423	15316
88.6611	15334
88.68	15352
88.7083	15370
88.7744	15388
88.7933	15406
88.9821	15424
89.0199	15442
89.0387	15460
89.1803	15478
89.1992	15496
89.2181	15514
89.237	15532
89.2559	15550
89.2747	15568
89.2936	15586
89.3125	15604
89.3597	15622
89.4447	15640
89.4635	15658
89.6618	15676
89.6995	15694
89.7184	15712
89.86	15730
89.8789	15748
89.8978	15766
89.9167	15784
89.9355	15802
89.9544	15820
89.9733	15838
89.9922	15856
90.0583	15874
90.1338	15892
90.1527	15910
90.3603	15928
90.3981	15946
90.417	15964
90.568	15981
90.5869	15998
90.6058	16015
90.6247	16032
90.6435	16049
90.6624	16066
90.6813	16083
90.7002	16100
90.7568	16117
90.8323	16134
90.8512	16151
91.0495	16168
91.0872	16185
91.1061	16202
91.2571	16219
91.276	16236
91.2949	16253
91.3138	16270
91.3327	16287
91.3515	16304
91.3704	16321
91.3893	16338
91.4082	16355
91.4837	16372
91.5592	16389
91.5781	16406
91.7858	16423
91.833	16440
91.8519	16457
92.0029	16474
92.0218	16491
92.0407	16508
92.0595	16525
92.0784	16542
92.0973	16559
92.1162	16576
92.1351	16593
92.1539	16610
92.2106	16627
92.2861	16644
92.305	16661
92.5221	16678
92.5787	16695
92.5976	16712
92.7487	16729
92.7675	16746
92.7864	16763
92.8053	16780
92.8242	16797
92.8431	16814
92.8619	16831
92.8808	16848
92.8997	16865
92.9563	16882
93.0413	16899
93.0602	16916
93.2696	16932
93.2867	16948
93.3434	16964
93.3623	16980
93.5133	16996
93.5322	17012
93.5511	17028
93.5699	17044
93.5888	17060
93.6077	17076
93.6266	17092
93.6455	17108
93.6738	17124
93.7304	17140
93.8059	17156
93.8248	17172
94.0419	17188
94.0986	17204
94.1175	17220
94.2685	17236
94.2874	17252
94.3063	17268
94.3251	17284
94.344	17300
94.3629	17316
94.3818	17332
94.4007	17348
94.4195	17364
94.4856	17380
94.5611	17396
94.58	17412
94.5989	17428
94.8349	17444
94.901	17460
94.9199	17476
95.0709	17492
95.0898	17508
95.1087	17524
95.1275	17540
95.1464	17556
95.1653	17572
95.1842	17588
95.2031	17604
95.2219	17620
95.2786	17636
95.3541	17652
95.373	17668
95.3919	17684
95.6184	17700
95.6939	17716
95.7128	17732
95.8639	17748
95.8827	17764
95.9016	17780
95.9205	17796
95.9394	17812
95.9583	17828
95.9771	17844
95.996	17860
96.0243	17876
96.081	17892
96.1565	17908
96.1754	17924
96.1943	17940
96.4303	17956
96.5152	17972
96.5341	17987
96.6851	18002
96.704	18017
96.7229	18032
96.7418	18047
96.7607	18062
96.7795	18077
96.7984	18092
96.8173	18107
96.8362	18122
96.8928	18137
96.9683	18152
96.9872	18167
97.0061	18182
97.2155	18197
97.2515	18212
97.3271	18227
97.3459	18242
97.497	18257
97.5159	18272
97.5347	18287
97.5536	18302
97.5725	18317
97.5914	18332
97.6103	18347
97.6291	18362
97.6575	18377
97.7235	18392
97.7991	18407
97.8179	18422
97.8368	18437
98.0728	18452
98.1483	18467
98.1672	18482
98.1861	18497
98.3466	18512
98.3655	18527
98.3843	18542
98.4032	18557
98.4221	18572
98.441	18587
98.4599	18602
98.4787	18617
98.5071	18632
98.5637	18647
98.6392	18662
98.6581	18677
98.677	18692
98.913	18707
98.9885	18722
99.0074	18737
99.0263	18752
99.1962	18767
99.2151	18782
99.2339	18797
99.2528	18812
99.2717	18827
99.2906	18842
99.3095	18857
99.3283	18872
99.3661	18887
99.4227	18902
99.4983	18917
99.5171	18932
99.536	18947
99.7626	18962
99.8475	18977
99.8664	18992
99.8853	19007
Flow 1 (10.1.1.1 -> 10.1.4.1)
  Tx Bytes:   2794468
  Rx Bytes:   2748164
  Throughput: 0.21205 Mbps
Flow 2 (10.1.4.1 -> 10.1.1.1)
  Tx Bytes:   126832
  Rx Bytes:   126832
  Throughput: 0.00978646 Mbps
Flow 3 (10.1.2.1 -> 10.1.5.1)
  Tx Bytes:   1557720
  Rx Bytes:   1541844
  Throughput: 0.138393 Mbps
Flow 4 (10.1.2.1 -> 10.1.4.1)
  Tx Bytes:   1611228
  Rx Bytes:   1577712
  Throughput: 0.141676 Mbps
Flow 5 (10.1.5.1 -> 10.1.2.1)
  Tx Bytes:   73012
  Rx Bytes:   73012
  Throughput: 0.00655451 Mbps
Flow 6 (10.1.4.1 -> 10.1.2.1)
  Tx Bytes:   73896
  Rx Bytes:   73896
  Throughput: 0.00663749 Mbps
